Time, Gmeas, Tmeas, Imeas, Vmeas, ImpSim, VmpSim, 0or1
2019/5/1/9:23, 3.0000000000e+02, 2.8900000000e+01, 2.1531400000e+02, 4.0921000000e+02, 1.2550157685e+02, 4.0790932796e+02, 1
2019/5/1/9:24, 3.0000000000e+02, 2.9000000000e+01, 2.1519100000e+02, 4.0954000000e+02, 2.0365212008e+02, 4.0359458214e+02, 0
2019/5/1/9:25, 3.1800000000e+02, 2.9730000000e+01, 2.2678500000e+02, 4.0859000000e+02, 2.1535548292e+02, 4.0345270776e+02, 0
2019/5/1/9:26, 3.1200000000e+02, 2.9420000000e+01, 2.2110300000e+02, 4.0983000000e+02, 2.1160767084e+02, 4.0308070900e+02, 0
2019/5/1/9:27, 3.2400000000e+02, 2.9840000000e+01, 2.2660600000e+02, 4.0883000000e+02, 2.1955873456e+02, 4.0257323654e+02, 0
2019/5/1/9:28, 3.2400000000e+02, 2.9840000000e+01, 2.2762100000e+02, 4.0846000000e+02, 2.1955873456e+02, 4.0257323654e+02, 0
2019/5/1/9:29, 3.1800000000e+02, 2.9630000000e+01, 2.2222700000e+02, 4.0856000000e+02, 2.1537044828e+02, 4.0364605092e+02, 0
2019/5/1/9:30, 3.1200000000e+02, 2.9420000000e+01, 2.1844700000e+02, 4.0759000000e+02, 2.1160767084e+02, 4.0308070900e+02, 0
2019/5/1/9:31, 3.0600000000e+02, 2.9310000000e+01, 2.1446100000e+02, 4.0825000000e+02, 2.0761823763e+02, 4.0313889388e+02, 0
2019/5/1/9:39, 3.0600000000e+02, 2.9310000000e+01, 2.1499400000e+02, 4.0882000000e+02, 2.0761823763e+02, 4.0313889388e+02, 0
2019/5/1/9:40, 3.2400000000e+02, 2.9940000000e+01, 2.2698400000e+02, 4.0837000000e+02, 2.1932287077e+02, 4.0320721165e+02, 0
2019/5/1/9:41, 3.4800000000e+02, 3.0780000000e+01, 2.4015200000e+02, 4.0891000000e+02, 2.3516765957e+02, 4.0225545301e+02, 0
2019/5/1/9:42, 3.6000000000e+02, 3.1200000000e+01, 2.4873500000e+02, 4.0921000000e+02, 2.4306969487e+02, 4.0180300279e+02, 0
2019/5/1/9:43, 3.6600000000e+02, 3.1410000000e+01, 2.5395800000e+02, 4.0878000000e+02, 2.4704065852e+02, 4.0154000492e+02, 0
2019/5/1/9:44, 3.6000000000e+02, 3.1300000000e+01, 2.4873500000e+02, 4.0827000000e+02, 2.4336022965e+02, 4.0068800128e+02, 0
2019/5/1/9:45, 3.6600000000e+02, 3.1510000000e+01, 2.5150400000e+02, 4.0737000000e+02, 2.4732683185e+02, 4.0044241737e+02, 0
2019/5/1/9:46, 3.5400000000e+02, 3.1090000000e+01, 2.4469000000e+02, 4.0793000000e+02, 2.3939176701e+02, 4.0093618506e+02, 0
2019/5/1/9:47, 3.3000000000e+02, 3.0350000000e+01, 2.2899200000e+02, 4.0536000000e+02, 2.2349578193e+02, 4.0173467576e+02, 0
2019/5/1/9:48, 3.0000000000e+02, 2.9300000000e+01, 2.1208200000e+02, 4.0585000000e+02, 2.0361606655e+02, 4.0299765810e+02, 0
2019/5/1/10:6, 3.0600000000e+02, 2.9810000000e+01, 2.2259400000e+02, 4.0802000000e+02, 1.2801386207e+02, 4.0607927756e+02, 1
2019/5/1/10:7, 3.1200000000e+02, 3.0020000000e+01, 2.2382200000e+02, 4.0818000000e+02, 1.3048401570e+02, 4.0581182211e+02, 1
2019/5/1/10:8, 3.0600000000e+02, 2.9810000000e+01, 2.1836300000e+02, 4.0854000000e+02, 1.2801386207e+02, 4.0607927756e+02, 1
2019/5/1/10:18, 3.1800000000e+02, 3.0530000000e+01, 2.2775000000e+02, 4.1009000000e+02, 2.1525701638e+02, 4.0187540417e+02, 0
2019/5/1/10:19, 3.3600000000e+02, 3.1060000000e+01, 2.3898800000e+02, 4.0955000000e+02, 2.2740637172e+02, 4.0051605938e+02, 0
2019/5/1/10:20, 3.4200000000e+02, 3.1270000000e+01, 2.4483500000e+02, 4.1022000000e+02, 2.3137764264e+02, 4.0026994929e+02, 0
2019/5/1/10:21, 3.4200000000e+02, 3.1370000000e+01, 2.4048900000e+02, 4.0907000000e+02, 2.3136490832e+02, 4.0007784876e+02, 0
2019/5/1/10:22, 3.2400000000e+02, 3.0840000000e+01, 2.2926000000e+02, 4.0794000000e+02, 2.1943736381e+02, 4.0061714280e+02, 0
2019/5/1/10:23, 3.0000000000e+02, 3.0000000000e+01, 2.1489900000e+02, 4.0802000000e+02, 2.0333721062e+02, 4.0240540301e+02, 0
2019/5/1/10:30, 3.0600000000e+02, 3.0510000000e+01, 2.2293800000e+02, 4.0945000000e+02, 2.0747498129e+02, 4.0077149678e+02, 0
2019/5/1/10:31, 3.2400000000e+02, 3.1140000000e+01, 2.3551500000e+02, 4.1009000000e+02, 2.1940044872e+02, 4.0003559866e+02, 0
2019/5/1/10:32, 3.4200000000e+02, 3.1770000000e+01, 2.5023500000e+02, 4.0969000000e+02, 2.3131536105e+02, 3.9930692139e+02, 0
2019/5/1/10:33, 3.6600000000e+02, 3.2710000000e+01, 2.6389500000e+02, 4.0958000000e+02, 2.4687394291e+02, 3.9903847152e+02, 0
2019/5/1/10:34, 3.8400000000e+02, 3.3440000000e+01, 2.7226600000e+02, 4.0878000000e+02, 2.5905168738e+02, 3.9723711296e+02, 0
2019/5/1/10:35, 3.8400000000e+02, 3.3440000000e+01, 2.7395100000e+02, 4.0818000000e+02, 2.5905168738e+02, 3.9723711296e+02, 0
2019/5/1/10:36, 3.8400000000e+02, 3.3540000000e+01, 2.7239400000e+02, 4.0662000000e+02, 2.5870145080e+02, 3.9796732381e+02, 0
2019/5/1/10:37, 3.9000000000e+02, 3.3850000000e+01, 2.7867100000e+02, 4.0791000000e+02, 2.6263798985e+02, 3.9754669124e+02, 0
2019/5/1/10:38, 4.0800000000e+02, 3.4480000000e+01, 2.9156400000e+02, 4.0701000000e+02, 2.7486411609e+02, 3.9589570058e+02, 0
2019/5/1/10:39, 4.3800000000e+02, 3.5630000000e+01, 3.0905000000e+02, 4.0712000000e+02, 2.9462457778e+02, 3.9449574915e+02, 0
2019/5/1/10:40, 4.5600000000e+02, 3.6360000000e+01, 3.2069700000e+02, 4.0638000000e+02, 3.0595779298e+02, 3.9461390915e+02, 0
2019/5/1/10:41, 4.5600000000e+02, 3.6360000000e+01, 3.1914500000e+02, 4.0566000000e+02, 3.0595779298e+02, 3.9461390915e+02, 0
2019/5/1/10:42, 4.3200000000e+02, 3.5620000000e+01, 3.0571100000e+02, 4.0245000000e+02, 2.9019871169e+02, 3.9536410167e+02, 0
2019/5/1/10:43, 4.0200000000e+02, 3.4670000000e+01, 2.8912900000e+02, 4.0350000000e+02, 2.7046749669e+02, 3.9634605688e+02, 0
2019/5/1/10:44, 4.0800000000e+02, 3.4980000000e+01, 2.9398500000e+02, 4.0395000000e+02, 2.7479720410e+02, 3.9496126397e+02, 0
2019/5/1/10:45, 4.3200000000e+02, 3.5820000000e+01, 3.1019600000e+02, 4.0273000000e+02, 2.9016825968e+02, 3.9499433808e+02, 0
2019/5/1/10:46, 4.3800000000e+02, 3.6130000000e+01, 3.0923800000e+02, 4.0213000000e+02, 2.9455460368e+02, 3.9357036918e+02, 0
2019/5/1/10:47, 4.0800000000e+02, 3.5080000000e+01, 2.9110500000e+02, 4.0174000000e+02, 2.7478389764e+02, 3.9477449614e+02, 0
2019/5/1/10:48, 3.6600000000e+02, 3.3710000000e+01, 2.6454600000e+02, 4.0206000000e+02, 2.4673684238e+02, 3.9714504299e+02, 0
2019/5/1/10:49, 3.3600000000e+02, 3.2760000000e+01, 2.4808900000e+02, 4.0203000000e+02, 2.2719915646e+02, 3.9724345854e+02, 0
2019/5/1/10:50, 3.2400000000e+02, 3.2440000000e+01, 2.4113800000e+02, 4.0191000000e+02, 2.1924467882e+02, 3.9752417122e+02, 0
2019/5/1/10:51, 3.1800000000e+02, 3.2230000000e+01, 2.3896200000e+02, 4.0205000000e+02, 2.1504930498e+02, 3.9856245151e+02, 0
2019/5/1/10:52, 3.1800000000e+02, 3.2230000000e+01, 2.3914700000e+02, 4.0309000000e+02, 2.1504930498e+02, 3.9856245151e+02, 0
2019/5/1/10:53, 3.1800000000e+02, 3.2230000000e+01, 2.3844600000e+02, 4.0296000000e+02, 2.1504930498e+02, 3.9856245151e+02, 0
2019/5/1/10:54, 3.1200000000e+02, 3.1920000000e+01, 2.3276700000e+02, 4.0388000000e+02, 2.1130973247e+02, 3.9819016740e+02, 0
2019/5/1/11:11, 3.0000000000e+02, 3.1300000000e+01, 2.2805000000e+02, 4.0523000000e+02, 1.2547377482e+02, 4.0289396233e+02, 1
2019/5/1/11:12, 3.0600000000e+02, 3.1510000000e+01, 2.3437700000e+02, 4.0433000000e+02, 1.2794435186e+02, 4.0263657856e+02, 1
2019/5/1/11:13, 3.1200000000e+02, 3.1820000000e+01, 2.3740600000e+02, 4.0489000000e+02, 1.3040986963e+02, 4.0218166150e+02, 1
2019/5/1/11:14, 3.1800000000e+02, 3.1930000000e+01, 2.3855300000e+02, 4.0522000000e+02, 1.3279711999e+02, 4.0221430472e+02, 1
2019/5/1/11:15, 3.2400000000e+02, 3.2240000000e+01, 2.4276000000e+02, 4.0397000000e+02, 1.3534878058e+02, 4.0167356020e+02, 1
2019/5/1/11:16, 3.2400000000e+02, 3.2240000000e+01, 2.4328600000e+02, 4.0363000000e+02, 1.3534878058e+02, 4.0167356020e+02, 1
2019/5/1/11:17, 3.1200000000e+02, 3.1820000000e+01, 2.3455700000e+02, 4.0390000000e+02, 1.3040986963e+02, 4.0218166150e+02, 1
2019/5/1/11:42, 3.0000000000e+02, 3.2000000000e+01, 2.3075600000e+02, 4.0607000000e+02, 1.2544592455e+02, 4.0148458392e+02, 1
2019/5/1/11:43, 3.1800000000e+02, 3.2630000000e+01, 2.4193900000e+02, 4.0526000000e+02, 1.3285559588e+02, 4.0073069664e+02, 1
2019/5/1/11:44, 3.4200000000e+02, 3.3470000000e+01, 2.5598900000e+02, 4.0553000000e+02, 1.4272841036e+02, 3.9973465971e+02, 1
2019/5/1/11:45, 3.7200000000e+02, 3.4620000000e+01, 2.7655600000e+02, 4.0582000000e+02, 1.5492731689e+02, 3.9833497145e+02, 1
2019/5/1/11:46, 4.0200000000e+02, 3.5670000000e+01, 2.9263500000e+02, 4.0635000000e+02, 2.7072090316e+02, 3.9352206571e+02, 0
2019/5/1/11:47, 4.1400000000e+02, 3.5990000000e+01, 2.9792500000e+02, 4.0495000000e+02, 2.7823689249e+02, 3.9419317032e+02, 0
2019/5/1/11:48, 4.3200000000e+02, 3.6520000000e+01, 3.0951800000e+02, 4.0470000000e+02, 2.9006705907e+02, 3.9369490719e+02, 0
2019/5/1/11:49, 4.6800000000e+02, 3.7880000000e+01, 3.3226200000e+02, 4.0420000000e+02, 3.1366078365e+02, 3.9210846934e+02, 0
2019/5/1/11:50, 4.8600000000e+02, 3.8510000000e+01, 3.4101800000e+02, 4.0334000000e+02, 3.2544790065e+02, 3.9139912037e+02, 0
2019/5/1/11:51, 4.5600000000e+02, 3.7460000000e+01, 3.2274500000e+02, 4.0187000000e+02, 3.0630557269e+02, 3.9155286049e+02, 0
2019/5/1/11:52, 4.3800000000e+02, 3.6830000000e+01, 3.1203700000e+02, 4.0198000000e+02, 2.9445789622e+02, 3.9227658135e+02, 0
2019/5/1/11:53, 4.2600000000e+02, 3.6510000000e+01, 3.0696900000e+02, 3.9988000000e+02, 2.8609494493e+02, 3.9356120974e+02, 0
2019/5/1/11:54, 4.1400000000e+02, 3.6190000000e+01, 2.9589900000e+02, 4.0079000000e+02, 2.7821603657e+02, 3.9381110148e+02, 0
2019/5/1/11:55, 4.0200000000e+02, 3.5870000000e+01, 2.8966100000e+02, 4.0014000000e+02, 2.7031073368e+02, 3.9408780183e+02, 0
2019/5/1/11:56, 4.1400000000e+02, 3.6290000000e+01, 2.9292100000e+02, 4.0230000000e+02, 2.7819139549e+02, 3.9364036242e+02, 0
2019/5/1/11:57, 4.2600000000e+02, 3.6710000000e+01, 2.9928000000e+02, 3.9969000000e+02, 2.8651297138e+02, 3.9220229330e+02, 0
2019/5/1/11:58, 4.2600000000e+02, 3.6710000000e+01, 2.9863000000e+02, 4.0158000000e+02, 2.8651297138e+02, 3.9220229330e+02, 0
2019/5/1/11:59, 4.2600000000e+02, 3.6610000000e+01, 2.9435500000e+02, 4.0130000000e+02, 2.8652653972e+02, 3.9238711710e+02, 0
2019/5/1/12:0, 4.3200000000e+02, 3.6820000000e+01, 2.9452900000e+02, 4.0151000000e+02, 2.9002696145e+02, 3.9313438451e+02, 0
2019/5/1/12:1, 4.1400000000e+02, 3.6190000000e+01, 2.8336600000e+02, 4.0041000000e+02, 2.7821603657e+02, 3.9381110148e+02, 0
2019/5/1/12:2, 4.0200000000e+02, 3.5770000000e+01, 2.7770500000e+02, 4.0092000000e+02, 2.7070736438e+02, 3.9333689182e+02, 0
2019/5/1/12:3, 3.8400000000e+02, 3.5140000000e+01, 2.6607900000e+02, 4.0077000000e+02, 1.5983906132e+02, 3.9764106975e+02, 1
2019/5/1/12:4, 3.6000000000e+02, 3.4100000000e+01, 2.4964500000e+02, 4.0031000000e+02, 1.5000677281e+02, 3.9904658476e+02, 1
2019/5/1/12:5, 3.4200000000e+02, 3.3270000000e+01, 2.3957800000e+02, 4.0256000000e+02, 1.4261375089e+02, 4.0024574359e+02, 1
2019/5/1/12:6, 3.3600000000e+02, 3.2960000000e+01, 2.3719500000e+02, 4.0100000000e+02, 1.4027321102e+02, 4.0057565936e+02, 1
2019/5/1/12:7, 3.2400000000e+02, 3.2440000000e+01, 2.3097300000e+02, 4.0200000000e+02, 1.3534070801e+02, 4.0127525195e+02, 1
2019/5/1/12:8, 3.1200000000e+02, 3.2020000000e+01, 2.2042600000e+02, 4.0085000000e+02, 1.3040213507e+02, 4.0178039556e+02, 1
2019/5/1/12:13, 3.0600000000e+02, 3.1610000000e+01, 2.2695200000e+02, 4.0366000000e+02, 1.2786385128e+02, 4.0252256801e+02, 1
2019/5/1/12:14, 3.4800000000e+02, 3.3080000000e+01, 2.5935600000e+02, 4.0539000000e+02, 1.4511124884e+02, 4.0073365270e+02, 1
2019/5/1/12:15, 4.1400000000e+02, 3.5390000000e+01, 3.0117700000e+02, 4.0615000000e+02, 1.7233207006e+02, 3.9790051990e+02, 1
2019/5/1/12:16, 4.6200000000e+02, 3.7170000000e+01, 3.2461900000e+02, 4.0547000000e+02, 1.9179983368e+02, 3.9563871753e+02, 1
2019/5/1/12:17, 4.5600000000e+02, 3.6960000000e+01, 3.1765500000e+02, 4.0538000000e+02, 1.8955494937e+02, 3.9593012521e+02, 1
2019/5/1/12:18, 4.5000000000e+02, 3.6750000000e+01, 3.1667000000e+02, 4.0325000000e+02, 1.8688901975e+02, 3.9617128224e+02, 1
2019/5/1/12:19, 4.5600000000e+02, 3.7060000000e+01, 3.2387500000e+02, 4.0240000000e+02, 1.8933616609e+02, 3.9572106332e+02, 1
2019/5/1/12:20, 4.7400000000e+02, 3.7790000000e+01, 3.3504800000e+02, 4.0191000000e+02, 1.9668698614e+02, 3.9474689135e+02, 1
2019/5/1/12:21, 4.9800000000e+02, 3.8630000000e+01, 3.4887500000e+02, 4.0172000000e+02, 2.0648710693e+02, 3.9369636697e+02, 1
2019/5/1/12:22, 5.0400000000e+02, 3.8940000000e+01, 3.5387500000e+02, 4.0010000000e+02, 2.0920641520e+02, 3.9330325465e+02, 1
2019/5/1/12:23, 4.9800000000e+02, 3.8830000000e+01, 3.4792000000e+02, 3.9935000000e+02, 2.0674432193e+02, 3.9337359897e+02, 1
2019/5/1/12:24, 4.9800000000e+02, 3.8830000000e+01, 3.4854300000e+02, 4.0003000000e+02, 2.0674432193e+02, 3.9337359897e+02, 1
2019/5/1/12:25, 4.9800000000e+02, 3.8830000000e+01, 3.4878200000e+02, 3.9910000000e+02, 2.0674432193e+02, 3.9337359897e+02, 1
2019/5/1/12:26, 4.9200000000e+02, 3.8720000000e+01, 3.4646900000e+02, 3.9753000000e+02, 2.0402187597e+02, 3.9338960517e+02, 1
2019/5/1/12:27, 4.8000000000e+02, 3.8300000000e+01, 3.3579800000e+02, 3.9844000000e+02, 1.9936696959e+02, 3.9395657090e+02, 1
2019/5/1/12:28, 4.5000000000e+02, 3.7150000000e+01, 3.1452400000e+02, 3.9706000000e+02, 1.8707656967e+02, 3.9542238648e+02, 1
2019/5/1/12:29, 4.0200000000e+02, 3.5470000000e+01, 2.8796700000e+02, 3.9657000000e+02, 1.6722433090e+02, 3.9746819988e+02, 1
2019/5/1/12:30, 3.9000000000e+02, 3.5050000000e+01, 2.8203600000e+02, 3.9745000000e+02, 1.6245740337e+02, 3.9793958971e+02, 1
2019/5/1/12:31, 4.2000000000e+02, 3.6200000000e+01, 3.0268700000e+02, 3.9814000000e+02, 2.8260041415e+02, 3.9299559233e+02, 0
2019/5/1/12:32, 4.5600000000e+02, 3.7460000000e+01, 3.2353800000e+02, 3.9907000000e+02, 3.0630557269e+02, 3.9155286049e+02, 0
2019/5/1/12:33, 4.5600000000e+02, 3.7460000000e+01, 3.2409000000e+02, 3.9828000000e+02, 3.0630557269e+02, 3.9155286049e+02, 0
2019/5/1/12:34, 4.5000000000e+02, 3.7350000000e+01, 3.2278600000e+02, 3.9852000000e+02, 3.0234327179e+02, 3.9161096199e+02, 0
2019/5/1/12:35, 4.4400000000e+02, 3.7240000000e+01, 3.1394700000e+02, 3.9945000000e+02, 2.9789603995e+02, 3.9267758414e+02, 0
2019/5/1/12:36, 4.0200000000e+02, 3.5870000000e+01, 2.8386400000e+02, 3.9909000000e+02, 2.7031073368e+02, 3.9408780183e+02, 0
2019/5/1/12:37, 3.4200000000e+02, 3.3870000000e+01, 2.4657600000e+02, 3.9825000000e+02, 2.3079367162e+02, 3.9613245027e+02, 0
2019/5/1/12:42, 3.1200000000e+02, 3.2520000000e+01, 2.3162900000e+02, 4.0033000000e+02, 2.1123992941e+02, 3.9703063437e+02, 0
2019/5/1/12:43, 3.1800000000e+02, 3.2630000000e+01, 2.3600900000e+02, 4.0133000000e+02, 2.1522549572e+02, 3.9698815941e+02, 0
2019/5/1/12:44, 3.1800000000e+02, 3.2630000000e+01, 2.3327300000e+02, 4.0284000000e+02, 2.1522549572e+02, 3.9698815941e+02, 0
2019/5/1/12:45, 3.0000000000e+02, 3.1900000000e+01, 2.2030700000e+02, 4.0177000000e+02, 2.0331196744e+02, 3.9788876898e+02, 0
2019/5/1/13:36, 3.0000000000e+02, 3.0700000000e+01, 2.2219400000e+02, 4.1064000000e+02, 2.0345076785e+02, 4.0023203217e+02, 0
2019/5/1/13:37, 3.2400000000e+02, 3.1540000000e+01, 2.3739900000e+02, 4.0935000000e+02, 2.1935216628e+02, 3.9926045766e+02, 0
2019/5/1/13:38, 3.2400000000e+02, 3.1640000000e+01, 2.3590800000e+02, 4.0956000000e+02, 2.1934022503e+02, 3.9906645811e+02, 0
2019/5/1/13:49, 3.1800000000e+02, 3.0730000000e+01, 2.3497700000e+02, 4.1216000000e+02, 2.1523194229e+02, 4.0148440844e+02, 0
2019/5/1/13:50, 3.7800000000e+02, 3.2830000000e+01, 2.6781700000e+02, 4.1225000000e+02, 2.5514109148e+02, 3.9823551246e+02, 0
2019/5/1/13:51, 4.0800000000e+02, 3.3880000000e+01, 2.8686300000e+02, 4.1255000000e+02, 2.7455702539e+02, 3.9798677659e+02, 0
2019/5/1/13:52, 4.3800000000e+02, 3.5030000000e+01, 3.0283500000e+02, 4.1143000000e+02, 2.9425149836e+02, 3.9662420980e+02, 0
2019/5/1/13:53, 4.8000000000e+02, 3.6600000000e+01, 3.3184100000e+02, 4.0969000000e+02, 3.2176340491e+02, 3.9478824127e+02, 0
2019/5/1/13:54, 5.1600000000e+02, 3.7860000000e+01, 3.5421700000e+02, 4.0854000000e+02, 3.4533081280e+02, 3.9332583861e+02, 0
2019/5/1/13:55, 5.1600000000e+02, 3.7960000000e+01, 3.5017100000e+02, 4.0855000000e+02, 3.4531492698e+02, 3.9314165415e+02, 0
2019/5/1/13:56, 5.3400000000e+02, 3.8690000000e+01, 3.6427100000e+02, 4.0632000000e+02, 3.5778464265e+02, 3.9106406102e+02, 0
2019/5/1/13:57, 5.2200000000e+02, 3.8370000000e+01, 3.4063200000e+02, 4.0639000000e+02, 3.4919882664e+02, 3.9253820349e+02, 0
2019/5/1/13:58, 4.0200000000e+02, 3.4270000000e+01, 2.6825900000e+02, 4.0441000000e+02, 2.7090589085e+02, 3.9613782006e+02, 0
2019/5/1/13:59, 3.1800000000e+02, 3.1430000000e+01, 2.1853200000e+02, 4.0284000000e+02, 2.1514694491e+02, 4.0011564507e+02, 0
2019/5/1/14:1, 3.4200000000e+02, 3.2370000000e+01, 2.4522500000e+02, 4.0398000000e+02, 2.3124146330e+02, 3.9815586342e+02, 0
2019/5/1/14:2, 4.0200000000e+02, 3.4470000000e+01, 2.7869500000e+02, 4.0501000000e+02, 2.7087939464e+02, 3.9576280664e+02, 0
2019/5/1/14:3, 4.1400000000e+02, 3.4890000000e+01, 2.8323100000e+02, 4.0383000000e+02, 2.7879375947e+02, 3.9528107997e+02, 0
2019/5/1/14:4, 4.2000000000e+02, 3.5100000000e+01, 2.8297600000e+02, 4.0516000000e+02, 2.8233302481e+02, 3.9601538204e+02, 0
2019/5/1/14:5, 4.2000000000e+02, 3.5100000000e+01, 2.8683100000e+02, 4.0460000000e+02, 2.8233302481e+02, 3.9601538204e+02, 0
2019/5/1/14:6, 4.2600000000e+02, 3.5410000000e+01, 2.9218500000e+02, 4.0395000000e+02, 2.8625616081e+02, 3.9560144901e+02, 0
2019/5/1/14:7, 4.3200000000e+02, 3.5620000000e+01, 2.9358000000e+02, 4.0423000000e+02, 2.9019871169e+02, 3.9536410167e+02, 0
2019/5/1/14:8, 4.2000000000e+02, 3.5200000000e+01, 2.8818400000e+02, 4.0288000000e+02, 2.8231846943e+02, 3.9582896535e+02, 0
2019/5/1/14:9, 4.0800000000e+02, 3.4780000000e+01, 2.8196700000e+02, 4.0185000000e+02, 2.7482387933e+02, 3.9533493860e+02, 0
2019/5/1/14:10, 4.0200000000e+02, 3.4570000000e+01, 2.7971600000e+02, 4.0198000000e+02, 2.7048795639e+02, 3.9652351270e+02, 0
2019/5/1/14:11, 4.0800000000e+02, 3.4880000000e+01, 2.8126000000e+02, 4.0149000000e+02, 2.7481052477e+02, 3.9514808753e+02, 0
2019/5/1/14:12, 3.9600000000e+02, 3.4560000000e+01, 2.7328900000e+02, 4.0003000000e+02, 2.6651266900e+02, 3.9638074774e+02, 0
2019/5/1/14:13, 3.7800000000e+02, 3.4030000000e+01, 2.6329100000e+02, 3.9971000000e+02, 2.5498624562e+02, 3.9596738790e+02, 0
2019/5/1/14:14, 3.6600000000e+02, 3.3710000000e+01, 2.5661600000e+02, 3.9940000000e+02, 2.4673684238e+02, 3.9714504299e+02, 0
2019/5/1/14:15, 3.5400000000e+02, 3.3390000000e+01, 2.5237600000e+02, 3.9850000000e+02, 2.3882025029e+02, 3.9739967859e+02, 0
2019/5/1/14:16, 3.4800000000e+02, 3.3180000000e+01, 2.4979500000e+02, 3.9961000000e+02, 1.4521616485e+02, 4.0046970616e+02, 1
2019/5/1/14:17, 3.4800000000e+02, 3.3280000000e+01, 2.4693500000e+02, 4.0113000000e+02, 1.4521213225e+02, 4.0027263879e+02, 1
2019/5/1/14:18, 3.4800000000e+02, 3.3380000000e+01, 2.4704700000e+02, 3.9918000000e+02, 1.4520812641e+02, 4.0007564689e+02, 1
2019/5/1/14:19, 3.4200000000e+02, 3.3170000000e+01, 2.4494200000e+02, 3.9875000000e+02, 1.4274097321e+02, 4.0032533662e+02, 1
2019/5/1/14:20, 3.3000000000e+02, 3.2750000000e+01, 2.3366600000e+02, 3.9923000000e+02, 1.3770994148e+02, 4.0090012311e+02, 1
2019/5/1/14:21, 3.0600000000e+02, 3.2010000000e+01, 2.2245700000e+02, 3.9854000000e+02, 1.2792408848e+02, 4.0163330897e+02, 1
2019/5/1/14:34, 3.0600000000e+02, 3.1910000000e+01, 2.2258200000e+02, 4.0234000000e+02, 2.0731112502e+02, 3.9804037322e+02, 0
2019/5/1/14:35, 3.0600000000e+02, 3.1810000000e+01, 2.2203200000e+02, 4.0114000000e+02, 2.0711979398e+02, 3.9901369198e+02, 0
2019/5/1/14:56, 3.1200000000e+02, 3.2620000000e+01, 2.2944500000e+02, 4.0516000000e+02, 2.1122843546e+02, 3.9683772079e+02, 0
2019/5/1/14:57, 3.1800000000e+02, 3.2830000000e+01, 2.3199900000e+02, 4.0660000000e+02, 2.1520187925e+02, 3.9660466447e+02, 0
2019/5/1/14:58, 3.1800000000e+02, 3.2830000000e+01, 2.3175700000e+02, 4.0574000000e+02, 2.1520187925e+02, 3.9660466447e+02, 0
2019/5/1/14:59, 3.0600000000e+02, 3.2510000000e+01, 2.2466100000e+02, 4.0432000000e+02, 2.0724252473e+02, 3.9687711321e+02, 0
2019/5/1/15:7, 3.1200000000e+02, 3.2920000000e+01, 2.2871900000e+02, 4.0619000000e+02, 2.1097824360e+02, 3.9704453465e+02, 0
2019/5/1/15:8, 3.2400000000e+02, 3.3340000000e+01, 2.3663300000e+02, 4.0593000000e+02, 2.1913874824e+02, 3.9579848022e+02, 0
2019/5/1/15:9, 3.1200000000e+02, 3.2920000000e+01, 2.2505600000e+02, 4.0418000000e+02, 2.1097824360e+02, 3.9704453465e+02, 0
2019/5/1/15:12, 3.4800000000e+02, 3.4280000000e+01, 2.5249300000e+02, 4.0456000000e+02, 2.3500273657e+02, 3.9468486586e+02, 0
2019/5/1/15:13, 3.9000000000e+02, 3.5850000000e+01, 2.7299300000e+02, 4.0517000000e+02, 2.6272713452e+02, 3.9287533508e+02, 0
2019/5/1/15:14, 3.8400000000e+02, 3.5640000000e+01, 2.6847600000e+02, 4.0474000000e+02, 2.5842231547e+02, 3.9401051095e+02, 0
2019/5/1/15:15, 3.9600000000e+02, 3.6160000000e+01, 2.7449300000e+02, 4.0384000000e+02, 1.6472728495e+02, 3.9597324531e+02, 1
2019/5/1/15:16, 4.0200000000e+02, 3.6370000000e+01, 2.8010500000e+02, 4.0369000000e+02, 1.6718490286e+02, 3.9572036593e+02, 1
2019/5/1/15:17, 4.2000000000e+02, 3.7000000000e+01, 2.9487600000e+02, 4.0328000000e+02, 1.7455305405e+02, 3.9496206489e+02, 1
2019/5/1/15:18, 4.6200000000e+02, 3.8570000000e+01, 3.2173600000e+02, 4.0169000000e+02, 1.9172156802e+02, 3.9298171754e+02, 1
2019/5/1/15:19, 4.5000000000e+02, 3.8250000000e+01, 3.0277500000e+02, 4.0103000000e+02, 1.8681199679e+02, 3.9330609952e+02, 1
2019/5/1/15:20, 3.5400000000e+02, 3.4890000000e+01, 2.4128900000e+02, 3.9873000000e+02, 1.4762090517e+02, 3.9728471699e+02, 1
2019/5/1/15:25, 3.2400000000e+02, 3.3740000000e+01, 2.3516400000e+02, 4.0075000000e+02, 1.3528822876e+02, 3.9870127803e+02, 1
2019/5/1/15:26, 3.9000000000e+02, 3.6050000000e+01, 2.7909900000e+02, 4.0196000000e+02, 1.6241389626e+02, 3.9600910169e+02, 1
2019/5/1/15:27, 4.3200000000e+02, 3.7420000000e+01, 2.9577700000e+02, 4.0082000000e+02, 1.7965382295e+02, 3.9446382063e+02, 1
2019/5/1/15:28, 3.5400000000e+02, 3.4590000000e+01, 2.3964700000e+02, 3.9895000000e+02, 1.4763293667e+02, 3.9787018373e+02, 1
2019/5/1/15:30, 3.3600000000e+02, 3.3660000000e+01, 2.4096700000e+02, 4.0007000000e+02, 1.4014297051e+02, 3.9926019140e+02, 1
2019/5/1/15:31, 4.1400000000e+02, 3.6290000000e+01, 2.8731100000e+02, 4.0062000000e+02, 2.7819139549e+02, 3.9364036242e+02, 0
2019/5/1/15:32, 4.2000000000e+02, 3.6500000000e+01, 2.8086600000e+02, 4.0016000000e+02, 2.8213636424e+02, 3.9340610694e+02, 0
2019/5/1/15:33, 3.3600000000e+02, 3.3560000000e+01, 2.3145600000e+02, 3.9780000000e+02, 2.2684524868e+02, 3.9654966965e+02, 0
2019/5/1/15:38, 3.0000000000e+02, 3.2200000000e+01, 2.1868900000e+02, 4.0124000000e+02, 2.0327797146e+02, 3.9730516723e+02, 0
2019/5/1/15:39, 3.2400000000e+02, 3.3040000000e+01, 2.3039900000e+02, 4.0193000000e+02, 2.1917431443e+02, 3.9637121987e+02, 0
2019/5/1/15:40, 3.1200000000e+02, 3.2620000000e+01, 2.2234100000e+02, 3.9997000000e+02, 2.1122843546e+02, 3.9683772079e+02, 0
2019/5/2/9:0, 6.4200000000e+02, 4.2570000000e+01, 3.9272300000e+02, 3.9614000000e+02, 4.2739820681e+02, 3.8754233240e+02, 0
2019/5/2/9:1, 5.7000000000e+02, 4.0250000000e+01, 3.5562200000e+02, 3.9751000000e+02, 3.8050367300e+02, 3.9019917203e+02, 0
2019/5/2/9:2, 5.1600000000e+02, 3.8460000000e+01, 3.5950800000e+02, 3.9789000000e+02, 3.4523841271e+02, 3.9222078754e+02, 0
2019/5/2/9:3, 6.3000000000e+02, 4.2650000000e+01, 4.1552500000e+02, 3.9688000000e+02, 4.1950457495e+02, 3.8715318305e+02, 0
2019/5/2/9:4, 6.4800000000e+02, 4.3380000000e+01, 4.5786300000e+02, 3.9387000000e+02, 4.3231812714e+02, 3.8489149014e+02, 0
2019/5/2/9:5, 6.8400000000e+02, 4.4740000000e+01, 4.4551600000e+02, 3.9263000000e+02, 4.5452021022e+02, 3.8449465651e+02, 0
2019/5/2/9:6, 6.7800000000e+02, 4.4630000000e+01, 4.4073900000e+02, 3.9244000000e+02, 4.5060015239e+02, 3.8458215181e+02, 0
2019/5/2/9:7, 6.3000000000e+02, 4.3050000000e+01, 4.0909400000e+02, 3.9061000000e+02, 4.1941934112e+02, 3.8644437639e+02, 0
2019/5/2/9:8, 4.0800000000e+02, 3.5380000000e+01, 3.5779700000e+02, 3.9224000000e+02, 1.6969839339e+02, 3.9778697310e+02, 1
2019/5/2/9:9, 3.9000000000e+02, 3.4850000000e+01, 4.3452500000e+02, 3.8990000000e+02, 1.6231917640e+02, 3.9836373520e+02, 1
2019/5/2/9:10, 5.1600000000e+02, 3.9260000000e+01, 4.9417500000e+02, 3.8743000000e+02, 2.1412393580e+02, 3.9297281142e+02, 1
2019/5/2/9:11, 6.9000000000e+02, 4.5450000000e+01, 4.9319400000e+02, 3.8702000000e+02, 2.8461631343e+02, 3.8478370859e+02, 1
2019/5/2/9:12, 7.4400000000e+02, 4.7540000000e+01, 4.8427400000e+02, 3.8668000000e+02, 3.0650870272e+02, 3.8185684155e+02, 1
2019/5/2/9:13, 7.2000000000e+02, 4.6700000000e+01, 4.7689200000e+02, 3.8630000000e+02, 2.9677871758e+02, 3.8299514908e+02, 1
2019/5/2/9:14, 7.3200000000e+02, 4.7220000000e+01, 4.7492200000e+02, 3.8575000000e+02, 3.0163548707e+02, 3.8224579391e+02, 1
2019/5/2/9:15, 7.3800000000e+02, 4.7530000000e+01, 4.7011200000e+02, 3.8581000000e+02, 3.0406057272e+02, 3.8177679147e+02, 1
2019/5/2/9:16, 7.3800000000e+02, 4.7530000000e+01, 4.8035600000e+02, 3.8578000000e+02, 3.0406057272e+02, 3.8177679147e+02, 1
2019/5/2/9:17, 7.3800000000e+02, 4.7530000000e+01, 4.7788000000e+02, 3.8574000000e+02, 3.0406057272e+02, 3.8177679147e+02, 1
2019/5/2/9:18, 7.4400000000e+02, 4.7840000000e+01, 4.8761500000e+02, 3.8564000000e+02, 3.0649360495e+02, 3.8129650440e+02, 1
2019/5/2/9:19, 7.6200000000e+02, 4.8470000000e+01, 4.9766400000e+02, 3.8301000000e+02, 3.1377368435e+02, 3.8045530434e+02, 1
2019/5/2/9:20, 7.6800000000e+02, 4.8780000000e+01, 5.0589700000e+02, 3.8332000000e+02, 3.1619507812e+02, 3.7998656653e+02, 1
2019/5/2/9:21, 7.6800000000e+02, 4.8880000000e+01, 5.0672200000e+02, 3.8284000000e+02, 3.1619349170e+02, 3.7979618427e+02, 1
2019/5/2/9:22, 7.7400000000e+02, 4.9290000000e+01, 5.1037900000e+02, 3.8263000000e+02, 3.1860129554e+02, 3.7915150464e+02, 1
2019/5/2/9:23, 7.8600000000e+02, 4.9810000000e+01, 5.1815300000e+02, 3.8222000000e+02, 3.2345045634e+02, 3.7839602018e+02, 1
2019/5/2/9:24, 7.9800000000e+02, 5.0430000000e+01, 5.2415600000e+02, 3.8234000000e+02, 5.2785390684e+02, 3.7651682521e+02, 0
2019/5/2/9:25, 8.0400000000e+02, 5.0640000000e+01, 5.3484700000e+02, 3.8094000000e+02, 5.3172078611e+02, 3.7625193954e+02, 0
2019/5/2/9:26, 8.2200000000e+02, 5.1370000000e+01, 5.4120800000e+02, 3.7977000000e+02, 5.4328804445e+02, 3.7528185030e+02, 0
2019/5/2/9:27, 8.2200000000e+02, 5.1470000000e+01, 5.4243400000e+02, 3.7957000000e+02, 5.4325892183e+02, 3.7511031477e+02, 0
2019/5/2/9:28, 8.2800000000e+02, 5.1780000000e+01, 5.5128800000e+02, 3.7889000000e+02, 5.4709703346e+02, 3.7466912516e+02, 0
2019/5/2/9:29, 8.4600000000e+02, 5.2510000000e+01, 5.5814200000e+02, 3.7815000000e+02, 5.5867183891e+02, 3.7368053332e+02, 0
2019/5/2/9:30, 8.5200000000e+02, 5.2820000000e+01, 5.5942300000e+02, 3.7734000000e+02, 5.6249539765e+02, 3.7324476368e+02, 0
2019/5/2/9:31, 8.5200000000e+02, 5.2920000000e+01, 5.5241400000e+02, 3.7827000000e+02, 5.6246647730e+02, 3.7307301388e+02, 0
2019/5/2/9:32, 8.4000000000e+02, 5.2600000000e+01, 5.1086300000e+02, 3.8029000000e+02, 5.5472852158e+02, 3.7343145552e+02, 0
2019/5/2/9:33, 7.3200000000e+02, 4.8920000000e+01, 4.5960800000e+02, 3.8315000000e+02, 4.8507813150e+02, 3.7799148769e+02, 0
2019/5/2/9:34, 7.6200000000e+02, 4.9970000000e+01, 5.2919900000e+02, 3.7964000000e+02, 5.0444312995e+02, 3.7669782204e+02, 0
2019/5/2/9:35, 8.3400000000e+02, 5.2590000000e+01, 5.4296500000e+02, 3.7870000000e+02, 5.5081500093e+02, 3.7335263802e+02, 0
2019/5/2/9:36, 7.9200000000e+02, 5.1120000000e+01, 5.3500900000e+02, 3.7944000000e+02, 5.2378320307e+02, 3.7519941529e+02, 0
2019/5/2/9:37, 8.6400000000e+02, 5.3740000000e+01, 5.7314200000e+02, 3.7635000000e+02, 5.7007544761e+02, 3.7184163510e+02, 0
2019/5/2/9:38, 9.0600000000e+02, 5.5310000000e+01, 5.9180800000e+02, 3.7606000000e+02, 5.9701225022e+02, 3.6977685671e+02, 0
2019/5/2/9:39, 9.2400000000e+02, 5.5940000000e+01, 6.0435200000e+02, 3.7499000000e+02, 6.0856115045e+02, 3.6895599357e+02, 0
2019/5/2/9:40, 9.4200000000e+02, 5.6770000000e+01, 6.0893000000e+02, 3.7350000000e+02, 6.2002459613e+02, 3.6779910424e+02, 0
2019/5/2/9:41, 9.1800000000e+02, 5.6030000000e+01, 5.5232200000e+02, 3.7527000000e+02, 6.0461424160e+02, 3.6872094977e+02, 0
2019/5/2/9:42, 7.9200000000e+02, 5.1620000000e+01, 5.1927100000e+02, 3.7847000000e+02, 5.2366585941e+02, 3.7432525556e+02, 0
2019/5/2/9:43, 7.3800000000e+02, 4.9830000000e+01, 4.3620600000e+02, 3.7784000000e+02, 4.8878845011e+02, 3.7651224069e+02, 0
2019/5/2/9:44, 4.6200000000e+02, 4.0270000000e+01, 2.9679300000e+02, 3.7886000000e+02, 3.0933969360e+02, 3.8758575473e+02, 0
2019/5/2/9:45, 3.7200000000e+02, 3.7120000000e+01, 2.6989100000e+02, 3.8015000000e+02, 2.5027875054e+02, 3.9090420524e+02, 0
2019/5/2/9:46, 3.4800000000e+02, 3.6380000000e+01, 2.5326400000e+02, 3.8443000000e+02, 2.3475058782e+02, 3.9073910093e+02, 0
2019/5/2/9:47, 3.3600000000e+02, 3.5860000000e+01, 2.4482800000e+02, 3.8524000000e+02, 2.2656642517e+02, 3.9218440113e+02, 0
2019/5/2/9:48, 3.3600000000e+02, 3.5760000000e+01, 2.5090900000e+02, 3.8970000000e+02, 2.2658266581e+02, 3.9236545767e+02, 0
2019/5/2/9:49, 3.4800000000e+02, 3.6180000000e+01, 2.5324100000e+02, 3.9071000000e+02, 2.3448567694e+02, 3.9195301921e+02, 0
2019/5/2/9:50, 3.5400000000e+02, 3.6390000000e+01, 2.5292600000e+02, 3.9110000000e+02, 2.3844551360e+02, 3.9172770711e+02, 0
2019/5/2/9:51, 3.5400000000e+02, 3.6390000000e+01, 2.5706700000e+02, 3.9396000000e+02, 2.3844551360e+02, 3.9172770711e+02, 0
2019/5/2/9:52, 3.6600000000e+02, 3.6710000000e+01, 2.6538400000e+02, 3.9478000000e+02, 2.4635003207e+02, 3.9150141530e+02, 0
2019/5/2/9:53, 3.9000000000e+02, 3.7550000000e+01, 2.8206800000e+02, 3.9556000000e+02, 2.6250941363e+02, 3.8972296345e+02, 0
2019/5/2/9:54, 4.6800000000e+02, 4.0180000000e+01, 3.8817800000e+02, 3.9817000000e+02, 3.1330783987e+02, 3.8790881470e+02, 0
2019/5/2/9:55, 8.7600000000e+02, 5.4460000000e+01, 5.6878900000e+02, 3.9293000000e+02, 5.7771415618e+02, 3.7077722235e+02, 0
2019/5/2/9:56, 7.7400000000e+02, 5.0890000000e+01, 4.8094400000e+02, 3.9363000000e+02, 5.1207090387e+02, 3.7529821433e+02, 0
2019/5/2/9:57, 7.9200000000e+02, 5.1520000000e+01, 4.8125800000e+02, 3.9325000000e+02, 5.2367662869e+02, 3.7450906130e+02, 0
2019/5/2/9:58, 5.2800000000e+02, 4.2180000000e+01, 3.2545000000e+02, 3.8943000000e+02, 3.5253588142e+02, 3.8575081511e+02, 0
2019/5/2/9:59, 5.2800000000e+02, 4.1880000000e+01, 3.7454200000e+02, 3.9251000000e+02, 2.1860816526e+02, 3.8822312817e+02, 1
2019/5/2/10:0, 5.8200000000e+02, 4.3570000000e+01, 3.7249900000e+02, 3.9224000000e+02, 2.4061036237e+02, 3.8620754708e+02, 1
2019/5/2/10:1, 5.1600000000e+02, 4.1160000000e+01, 3.5560000000e+02, 3.9143000000e+02, 2.1372331063e+02, 3.8932664162e+02, 1
2019/5/2/10:2, 4.8000000000e+02, 3.9900000000e+01, 3.0962800000e+02, 3.9177000000e+02, 1.9903366585e+02, 3.9088787582e+02, 1
2019/5/2/10:3, 4.3800000000e+02, 3.8330000000e+01, 3.2879100000e+02, 3.9368000000e+02, 1.8188140104e+02, 3.9286294728e+02, 1
2019/5/2/10:4, 6.6600000000e+02, 4.6310000000e+01, 3.3597700000e+02, 3.9625000000e+02, 2.7475942745e+02, 3.8276085586e+02, 1
2019/5/2/10:5, 5.2200000000e+02, 4.1270000000e+01, 2.6267300000e+02, 3.9224000000e+02, 2.1617876295e+02, 3.8924599972e+02, 1
2019/5/2/10:6, 3.4800000000e+02, 3.5180000000e+01, 2.5010300000e+02, 3.9281000000e+02, 1.4513408907e+02, 3.9655423218e+02, 1
2019/5/2/10:7, 3.5400000000e+02, 3.5490000000e+01, 2.5665300000e+02, 3.9457000000e+02, 1.4747656089e+02, 3.9616304521e+02, 1
2019/5/2/10:8, 3.7800000000e+02, 3.6330000000e+01, 2.7486200000e+02, 3.9607000000e+02, 1.5745625096e+02, 3.9514992788e+02, 1
2019/5/2/10:9, 4.4400000000e+02, 3.8640000000e+01, 3.7334500000e+02, 3.9750000000e+02, 1.8453769760e+02, 3.9244455377e+02, 1
2019/5/2/10:10, 5.7600000000e+02, 4.3260000000e+01, 3.7375400000e+02, 3.9863000000e+02, 2.3817257941e+02, 3.8666494187e+02, 1
2019/5/2/10:11, 6.6000000000e+02, 4.6300000000e+01, 5.1310000000e+02, 3.9553000000e+02, 2.7231524638e+02, 3.8266149369e+02, 1
2019/5/2/10:12, 9.1200000000e+02, 5.5120000000e+01, 4.7160400000e+02, 3.9402000000e+02, 3.7425636787e+02, 3.7067666087e+02, 1
2019/5/2/10:13, 4.9200000000e+02, 4.0320000000e+01, 2.9782100000e+02, 3.9030000000e+02, 2.0393928259e+02, 3.9035686069e+02, 1
2019/5/2/10:14, 4.2000000000e+02, 3.7700000000e+01, 2.9165500000e+02, 3.9094000000e+02, 1.7452130291e+02, 3.9361532982e+02, 1
2019/5/2/10:15, 4.3800000000e+02, 3.8330000000e+01, 3.0024200000e+02, 3.9109000000e+02, 2.9377370691e+02, 3.9051076761e+02, 0
2019/5/2/10:16, 4.6200000000e+02, 3.9170000000e+01, 3.0152700000e+02, 3.9397000000e+02, 3.1003838611e+02, 3.8856914808e+02, 0
2019/5/2/10:17, 4.4400000000e+02, 3.8540000000e+01, 3.0282200000e+02, 3.9216000000e+02, 2.9819897752e+02, 3.8928378014e+02, 0
2019/5/2/10:18, 4.6200000000e+02, 3.9170000000e+01, 3.1472400000e+02, 3.9297000000e+02, 3.1003838611e+02, 3.8856914808e+02, 0
2019/5/2/10:19, 4.9200000000e+02, 4.0220000000e+01, 3.2615400000e+02, 3.9502000000e+02, 3.2975081049e+02, 3.8736367020e+02, 0
2019/5/2/10:20, 5.0400000000e+02, 4.0640000000e+01, 3.3651400000e+02, 3.9296000000e+02, 3.3697775449e+02, 3.8796311859e+02, 0
2019/5/2/10:21, 5.1600000000e+02, 4.1060000000e+01, 3.5259300000e+02, 3.9541000000e+02, 3.4481353083e+02, 3.8749411146e+02, 0
2019/5/2/10:22, 6.0000000000e+02, 4.3800000000e+01, 3.8109100000e+02, 3.9712000000e+02, 3.9959504664e+02, 3.8445691873e+02, 0
2019/5/2/10:23, 5.8200000000e+02, 4.3070000000e+01, 3.7985800000e+02, 3.9478000000e+02, 3.8790049928e+02, 3.8537522285e+02, 0
2019/5/2/10:24, 6.9000000000e+02, 4.6750000000e+01, 4.5230600000e+02, 3.9822000000e+02, 4.5802814891e+02, 3.8105087351e+02, 0
2019/5/2/10:25, 8.7600000000e+02, 5.3160000000e+01, 4.6464800000e+02, 3.9523000000e+02, 5.7805656453e+02, 3.7303290741e+02, 0
2019/5/2/10:26, 6.7800000000e+02, 4.6230000000e+01, 4.9865800000e+02, 3.8941000000e+02, 4.5028512557e+02, 3.8173035268e+02, 0
2019/5/2/10:27, 9.8400000000e+02, 5.6940000000e+01, 6.4057200000e+02, 3.7268000000e+02, 6.4727115389e+02, 3.6812164258e+02, 0
2019/5/2/10:28, 8.3400000000e+02, 5.1690000000e+01, 5.1927400000e+02, 3.8742000000e+02, 5.5104870835e+02, 3.7491496590e+02, 0
2019/5/2/10:29, 9.0600000000e+02, 5.4410000000e+01, 6.3363400000e+02, 3.7283000000e+02, 5.9724175122e+02, 3.7134470461e+02, 0
2019/5/2/10:30, 1.0500000000e+03, 5.9650000000e+01, 6.9297600000e+02, 3.6514000000e+02, 6.8720525112e+02, 3.6547275543e+02, 0
2019/5/2/10:31, 9.7800000000e+02, 5.7330000000e+01, 5.1066600000e+02, 3.7792000000e+02, 6.4325137266e+02, 3.6736677852e+02, 0
2019/5/2/10:32, 7.2600000000e+02, 4.8610000000e+01, 4.2697000000e+02, 3.8328000000e+02, 4.8121131993e+02, 3.7843421226e+02, 0
2019/5/2/10:33, 6.7800000000e+02, 4.7130000000e+01, 4.8883100000e+02, 3.8095000000e+02, 4.5011410613e+02, 3.8012619429e+02, 0
2019/5/2/10:34, 1.0200000000e+03, 5.9300000000e+01, 6.8470100000e+02, 3.6879000000e+02, 6.6858345061e+02, 3.6530188017e+02, 0
2019/5/2/10:35, 1.0500000000e+03, 6.0550000000e+01, 6.8357300000e+02, 3.7073000000e+02, 6.8628077809e+02, 3.6425322612e+02, 0
2019/5/2/10:36, 1.0260000000e+03, 5.9810000000e+01, 6.7042800000e+02, 3.6941000000e+02, 6.7187254879e+02, 3.6474118298e+02, 0
2019/5/2/10:37, 9.8400000000e+02, 5.8540000000e+01, 6.4791200000e+02, 3.6909000000e+02, 6.4650139970e+02, 3.6553433349e+02, 0
2019/5/2/10:38, 9.9000000000e+02, 5.8650000000e+01, 6.4519900000e+02, 3.7005000000e+02, 6.5020341652e+02, 3.6552032872e+02, 0
2019/5/2/10:39, 9.4200000000e+02, 5.6970000000e+01, 5.5958500000e+02, 3.7233000000e+02, 6.1997093060e+02, 3.6745234670e+02, 0
2019/5/2/10:40, 6.1200000000e+02, 4.5420000000e+01, 4.6164800000e+02, 3.7617000000e+02, 4.0717215936e+02, 3.8182395359e+02, 0
2019/5/2/10:41, 7.2600000000e+02, 4.9310000000e+01, 4.8745200000e+02, 3.7054000000e+02, 4.8106003226e+02, 3.7720234917e+02, 0
2019/5/2/10:42, 6.0600000000e+02, 4.5110000000e+01, 3.6708200000e+02, 3.7547000000e+02, 4.0328738556e+02, 3.8225281945e+02, 0
2019/5/2/10:43, 3.4800000000e+02, 3.6080000000e+01, 2.4332800000e+02, 3.7593000000e+02, 2.3478657065e+02, 3.9129928864e+02, 0
2019/5/2/10:44, 3.1800000000e+02, 3.4930000000e+01, 2.3173200000e+02, 3.7773000000e+02, 2.1496062708e+02, 3.9259700416e+02, 0
2019/5/2/10:45, 3.3000000000e+02, 3.5250000000e+01, 2.5697600000e+02, 3.8172000000e+02, 2.2266060596e+02, 3.9314521018e+02, 0
2019/5/2/10:46, 6.0000000000e+02, 4.4700000000e+01, 4.7368000000e+02, 3.8740000000e+02, 4.0040770346e+02, 3.8162863208e+02, 0
2019/5/2/10:47, 1.0260000000e+03, 5.9510000000e+01, 6.6040800000e+02, 3.7944000000e+02, 6.7217224622e+02, 3.6514748661e+02, 0
2019/5/2/10:48, 1.0800000000e+03, 6.1500000000e+01, 6.5200300000e+02, 3.9707000000e+02, 7.0418559261e+02, 3.6359488456e+02, 0
2019/5/2/10:49, 1.1220000000e+03, 6.3170000000e+01, 6.4466800000e+02, 4.0021000000e+02, 7.2871702918e+02, 3.6218689842e+02, 0
2019/5/2/10:50, 1.0920000000e+03, 6.2320000000e+01, 6.5648500000e+02, 3.7701000000e+02, 7.1084291032e+02, 3.6273110365e+02, 0
2019/5/2/10:51, 1.0680000000e+03, 6.1580000000e+01, 6.9706200000e+02, 3.7019000000e+02, 6.9654826643e+02, 3.6323684815e+02, 0
2019/5/2/10:52, 1.0860000000e+03, 6.2410000000e+01, 6.7565600000e+02, 3.8179000000e+02, 7.0697669597e+02, 3.6248569727e+02, 0
2019/5/2/10:53, 1.0800000000e+03, 6.2300000000e+01, 6.6964400000e+02, 3.6690000000e+02, 7.0332605203e+02, 3.6251091762e+02, 0
2019/5/2/10:54, 9.3600000000e+02, 5.7460000000e+01, 5.7223100000e+02, 3.7179000000e+02, 6.1591353655e+02, 3.6652914757e+02, 0
2019/5/2/10:55, 8.7600000000e+02, 5.5460000000e+01, 5.5262800000e+02, 3.7325000000e+02, 5.7744687760e+02, 3.6904792899e+02, 0
2019/5/2/10:56, 8.4000000000e+02, 5.4300000000e+01, 5.9445000000e+02, 3.6953000000e+02, 5.5430273862e+02, 3.7047540606e+02, 0
2019/5/2/10:57, 9.7800000000e+02, 5.9230000000e+01, 6.5244800000e+02, 3.6177000000e+02, 6.4204330827e+02, 3.6446462134e+02, 0
2019/5/2/10:58, 9.8400000000e+02, 5.9540000000e+01, 6.5499000000e+02, 3.6007000000e+02, 4.0180159740e+02, 3.6426078539e+02, 1
2019/5/2/10:59, 9.5400000000e+02, 5.8490000000e+01, 6.2995300000e+02, 3.6486000000e+02, 3.9097307543e+02, 3.6521959572e+02, 1
2019/5/2/11:0, 9.2400000000e+02, 5.7340000000e+01, 5.4623900000e+02, 3.7141000000e+02, 3.7891951306e+02, 3.6685101381e+02, 1
2019/5/2/11:1, 6.6000000000e+02, 4.8100000000e+01, 5.2540800000e+02, 3.7206000000e+02, 2.7219051098e+02, 3.7935421534e+02, 1
2019/5/2/11:2, 9.6600000000e+02, 5.8810000000e+01, 6.5810800000e+02, 3.6561000000e+02, 3.9554413104e+02, 3.6491847458e+02, 1
2019/5/2/11:3, 9.7200000000e+02, 5.9120000000e+01, 6.5406800000e+02, 3.6329000000e+02, 3.9757142401e+02, 3.6460446422e+02, 1
2019/5/2/11:4, 9.6600000000e+02, 5.9110000000e+01, 6.4668600000e+02, 3.6619000000e+02, 3.9526296904e+02, 3.6448879351e+02, 1
2019/5/2/11:5, 9.6600000000e+02, 5.9210000000e+01, 6.5361800000e+02, 3.6262000000e+02, 3.9516798150e+02, 3.6434605033e+02, 1
2019/5/2/11:6, 9.7200000000e+02, 5.9520000000e+01, 6.5904000000e+02, 3.6262000000e+02, 3.9719214626e+02, 3.6403185642e+02, 1
2019/5/2/11:7, 9.7800000000e+02, 5.9930000000e+01, 6.6427900000e+02, 3.6235000000e+02, 3.9911404534e+02, 3.6357405013e+02, 1
2019/5/2/11:8, 9.8400000000e+02, 6.0240000000e+01, 6.6500800000e+02, 3.5995000000e+02, 4.0112679926e+02, 3.6325779827e+02, 1
2019/5/2/11:9, 9.7800000000e+02, 6.0130000000e+01, 6.6737100000e+02, 3.5681000000e+02, 3.9892141398e+02, 3.6328833467e+02, 1
2019/5/2/11:10, 9.9000000000e+02, 6.0650000000e+01, 6.7407000000e+02, 3.5730000000e+02, 4.0303487550e+02, 3.6279821085e+02, 1
2019/5/2/11:11, 9.9600000000e+02, 6.0960000000e+01, 6.7865700000e+02, 3.5822000000e+02, 4.0503605935e+02, 3.6248003201e+02, 1
2019/5/2/11:12, 9.9600000000e+02, 6.0960000000e+01, 6.8725600000e+02, 3.5613000000e+02, 4.0503605935e+02, 3.6248003201e+02, 1
2019/5/2/11:13, 1.0020000000e+03, 6.1170000000e+01, 6.8153100000e+02, 3.5945000000e+02, 4.0712764525e+02, 3.6230604043e+02, 1
2019/5/2/11:14, 9.8400000000e+02, 6.0340000000e+01, 6.7875500000e+02, 3.5694000000e+02, 4.0102900321e+02, 3.6311513046e+02, 1
2019/5/2/11:15, 9.8400000000e+02, 6.0340000000e+01, 6.8268100000e+02, 3.5698000000e+02, 4.0102900321e+02, 3.6311513046e+02, 1
2019/5/2/11:16, 9.9600000000e+02, 6.0860000000e+01, 6.8568400000e+02, 3.5770000000e+02, 4.0513227413e+02, 3.6262463787e+02, 1
2019/5/2/11:17, 9.7800000000e+02, 6.0430000000e+01, 6.6680100000e+02, 3.5730000000e+02, 3.9863353209e+02, 3.6285830926e+02, 1
2019/5/2/11:18, 9.5400000000e+02, 5.9690000000e+01, 6.6242300000e+02, 3.5560000000e+02, 3.9008293981e+02, 3.6339780440e+02, 1
2019/5/2/11:19, 9.4800000000e+02, 5.9380000000e+01, 6.5755800000e+02, 3.5609000000e+02, 3.8805198988e+02, 3.6370932685e+02, 1
2019/5/2/11:20, 9.5400000000e+02, 5.9390000000e+01, 6.5403900000e+02, 3.5870000000e+02, 3.9036196743e+02, 3.6382711054e+02, 1
2019/5/2/11:21, 9.6000000000e+02, 5.9600000000e+01, 6.5640400000e+02, 3.6062000000e+02, 3.9248482500e+02, 3.6365709193e+02, 1
2019/5/2/11:22, 9.7200000000e+02, 6.0120000000e+01, 6.7268800000e+02, 3.5615000000e+02, 3.9662003244e+02, 3.6317372649e+02, 1
2019/5/2/11:23, 9.8400000000e+02, 6.0740000000e+01, 6.7975000000e+02, 3.5457000000e+02, 4.0064118622e+02, 3.6254227314e+02, 1
2019/5/2/11:24, 9.7800000000e+02, 6.0430000000e+01, 6.6932000000e+02, 3.5761000000e+02, 3.9863353209e+02, 3.6285830926e+02, 1
2019/5/2/11:25, 9.7200000000e+02, 6.0020000000e+01, 6.7109700000e+02, 3.5558000000e+02, 3.9671575242e+02, 3.6331652152e+02, 1
2019/5/2/11:26, 9.7200000000e+02, 6.0020000000e+01, 6.7700700000e+02, 3.5227000000e+02, 3.9671575242e+02, 3.6331652152e+02, 1
2019/5/2/11:27, 9.6600000000e+02, 5.9910000000e+01, 6.7429000000e+02, 3.5570000000e+02, 6.3379993004e+02, 3.6326994124e+02, 0
2019/5/2/11:28, 9.7200000000e+02, 6.0220000000e+01, 6.8081700000e+02, 3.5451000000e+02, 6.3730905737e+02, 3.6298668969e+02, 0
2019/5/2/11:29, 9.6600000000e+02, 6.0010000000e+01, 6.8377100000e+02, 3.5221000000e+02, 6.3370583551e+02, 3.6313479237e+02, 0
2019/5/2/11:30, 9.6000000000e+02, 5.9800000000e+01, 6.7360500000e+02, 3.5355000000e+02, 3.9229599709e+02, 3.6337176697e+02, 1
2019/5/2/11:31, 9.3600000000e+02, 5.8960000000e+01, 6.5134700000e+02, 3.5878000000e+02, 3.8361520863e+02, 3.6413187345e+02, 1
2019/5/2/11:32, 9.2400000000e+02, 5.8640000000e+01, 6.4194300000e+02, 3.5920000000e+02, 3.7879059852e+02, 3.6452092970e+02, 1
2019/5/2/11:33, 9.1200000000e+02, 5.8320000000e+01, 6.3844200000e+02, 3.6055000000e+02, 3.7394837437e+02, 3.6492437049e+02, 1
2019/5/2/11:34, 9.0600000000e+02, 5.8210000000e+01, 6.4810900000e+02, 3.5760000000e+02, 3.7151914288e+02, 3.6503885613e+02, 1
2019/5/2/11:35, 9.3000000000e+02, 5.9050000000e+01, 6.7291700000e+02, 3.4877000000e+02, 3.8119379110e+02, 3.6386341751e+02, 1
2019/5/2/11:36, 9.4800000000e+02, 5.9780000000e+01, 6.7953400000e+02, 3.5527000000e+02, 3.8768226876e+02, 3.6313723638e+02, 1
2019/5/2/11:37, 9.7200000000e+02, 6.0720000000e+01, 7.0060300000e+02, 3.5261000000e+02, 3.9604711331e+02, 3.6231435738e+02, 1
2019/5/2/11:38, 9.6600000000e+02, 6.0510000000e+01, 7.0081400000e+02, 3.5356000000e+02, 3.9394092188e+02, 3.6248428498e+02, 1
2019/5/2/11:39, 9.5400000000e+02, 6.0090000000e+01, 6.8711500000e+02, 3.5421000000e+02, 3.8970994515e+02, 3.6282549328e+02, 1
2019/5/2/11:40, 9.1800000000e+02, 5.8930000000e+01, 6.1499500000e+02, 3.6031000000e+02, 3.7633024119e+02, 3.6391192927e+02, 1
2019/5/2/11:41, 7.6800000000e+02, 5.3680000000e+01, 5.1520800000e+02, 3.7023000000e+02, 3.1580176342e+02, 3.7107744542e+02, 1
2019/5/2/11:42, 7.5000000000e+02, 5.3050000000e+01, 5.4312800000e+02, 3.6994000000e+02, 3.0852489533e+02, 3.7191519578e+02, 1
2019/5/2/11:43, 9.2400000000e+02, 5.9040000000e+01, 6.6581300000e+02, 3.5340000000e+02, 3.7875549276e+02, 3.6380071565e+02, 1
2019/5/2/11:44, 9.2400000000e+02, 5.8940000000e+01, 6.5541400000e+02, 3.5647000000e+02, 3.7876187134e+02, 3.6398344118e+02, 1
2019/5/2/11:45, 9.3600000000e+02, 5.9360000000e+01, 6.6267500000e+02, 3.5738000000e+02, 3.8342981752e+02, 3.6347131349e+02, 1
2019/5/2/11:46, 9.3600000000e+02, 5.9360000000e+01, 6.8272100000e+02, 3.5492000000e+02, 6.1527693753e+02, 3.6331914796e+02, 0
2019/5/2/11:47, 9.3000000000e+02, 5.9250000000e+01, 6.7428600000e+02, 3.5776000000e+02, 6.1153641727e+02, 3.6334373134e+02, 0
2019/5/2/11:48, 9.3600000000e+02, 5.9560000000e+01, 6.8284500000e+02, 3.5552000000e+02, 6.1509604551e+02, 3.6304879094e+02, 0
2019/5/2/11:49, 9.3000000000e+02, 5.9250000000e+01, 6.6226100000e+02, 3.5700000000e+02, 6.1153641727e+02, 3.6334373134e+02, 0
2019/5/2/11:50, 9.1200000000e+02, 5.8420000000e+01, 6.4424100000e+02, 3.5787000000e+02, 6.0007686436e+02, 3.6449447780e+02, 0
2019/5/2/11:51, 9.3000000000e+02, 5.9050000000e+01, 6.7669400000e+02, 3.5381000000e+02, 6.1159267109e+02, 3.6368742839e+02, 0
2019/5/2/11:52, 9.3000000000e+02, 5.9050000000e+01, 6.8483300000e+02, 3.5531000000e+02, 6.1159267109e+02, 3.6368742839e+02, 0
2019/5/2/11:53, 9.3600000000e+02, 5.9260000000e+01, 6.8987700000e+02, 3.5341000000e+02, 6.1536549543e+02, 3.6345538356e+02, 0
2019/5/2/11:54, 9.4800000000e+02, 5.9880000000e+01, 6.9092200000e+02, 3.5746000000e+02, 6.2241811605e+02, 3.6289592483e+02, 0
2019/5/2/11:55, 9.6000000000e+02, 6.0500000000e+01, 7.0230200000e+02, 3.5338000000e+02, 6.2944974557e+02, 3.6233260728e+02, 0
2019/5/2/11:56, 9.4200000000e+02, 5.9870000000e+01, 6.9256300000e+02, 3.5404000000e+02, 6.1862269176e+02, 3.6276938442e+02, 0
2019/5/2/11:57, 9.1200000000e+02, 5.8920000000e+01, 6.7295800000e+02, 3.5298000000e+02, 5.9993396903e+02, 3.6363747197e+02, 0
2019/5/2/11:58, 9.1800000000e+02, 5.9030000000e+01, 6.8170600000e+02, 3.5292000000e+02, 6.0381136419e+02, 3.6353444434e+02, 0
2019/5/2/11:59, 9.1800000000e+02, 5.8930000000e+01, 6.8019200000e+02, 3.5374000000e+02, 6.0383806331e+02, 3.6370699431e+02, 0
2019/5/2/12:0, 9.1800000000e+02, 5.8930000000e+01, 6.8458800000e+02, 3.5251000000e+02, 6.0383806331e+02, 3.6370699431e+02, 0
2019/5/2/12:1, 9.3000000000e+02, 5.9450000000e+01, 6.9128900000e+02, 3.5148000000e+02, 6.1138562626e+02, 3.6305631199e+02, 0
2019/5/2/12:2, 9.2400000000e+02, 5.9340000000e+01, 6.8483500000e+02, 3.5374000000e+02, 6.0760987574e+02, 3.6310070221e+02, 0
2019/5/2/12:3, 9.1200000000e+02, 5.9020000000e+01, 6.8085500000e+02, 3.5503000000e+02, 3.7387570290e+02, 3.6367460690e+02, 1
2019/5/2/12:4, 9.1800000000e+02, 5.9430000000e+01, 6.7912000000e+02, 3.5400000000e+02, 3.7627306784e+02, 3.6302473293e+02, 1
2019/5/2/12:5, 9.1200000000e+02, 5.9320000000e+01, 6.8154600000e+02, 3.4885000000e+02, 3.7384974478e+02, 3.6313505664e+02, 1
2019/5/2/12:6, 9.1200000000e+02, 5.9420000000e+01, 6.7922100000e+02, 3.5440000000e+02, 3.7383914805e+02, 3.6295660564e+02, 1
2019/5/2/12:7, 9.0600000000e+02, 5.9210000000e+01, 6.7388600000e+02, 3.5526000000e+02, 3.7142765089e+02, 3.6324164022e+02, 1
2019/5/2/12:8, 9.0600000000e+02, 5.9310000000e+01, 6.8008300000e+02, 3.5113000000e+02, 3.7140416051e+02, 3.6307587001e+02, 1
2019/5/2/12:9, 9.0000000000e+02, 5.9200000000e+01, 6.7256800000e+02, 3.5401000000e+02, 3.6898662337e+02, 3.6317866248e+02, 1
2019/5/2/12:10, 9.0000000000e+02, 5.9200000000e+01, 6.7983200000e+02, 3.5176000000e+02, 3.6898662337e+02, 3.6317866248e+02, 1
2019/5/2/12:11, 9.1200000000e+02, 5.9620000000e+01, 6.9197700000e+02, 3.4957000000e+02, 3.7382917157e+02, 3.6258886776e+02, 1
2019/5/2/12:12, 9.1200000000e+02, 5.9720000000e+01, 6.9002800000e+02, 3.5023000000e+02, 3.7381135511e+02, 3.6241902587e+02, 1
2019/5/2/12:13, 9.2400000000e+02, 6.0240000000e+01, 6.9353000000e+02, 3.5415000000e+02, 3.7799256187e+02, 3.6194416386e+02, 1
2019/5/2/12:14, 9.2400000000e+02, 6.0240000000e+01, 6.9942900000e+02, 3.5354000000e+02, 3.7799256187e+02, 3.6194416386e+02, 1
2019/5/2/12:15, 9.2400000000e+02, 6.0240000000e+01, 6.9541200000e+02, 3.5419000000e+02, 3.7799256187e+02, 3.6194416386e+02, 1
2019/5/2/12:16, 9.2400000000e+02, 6.0140000000e+01, 6.9374700000e+02, 3.5295000000e+02, 3.7808375443e+02, 3.6208646042e+02, 1
2019/5/2/12:17, 9.4200000000e+02, 6.0870000000e+01, 7.0135000000e+02, 3.5324000000e+02, 3.8436038587e+02, 3.6144485226e+02, 1
2019/5/2/12:18, 9.4200000000e+02, 6.0970000000e+01, 6.9877500000e+02, 3.5407000000e+02, 3.8426879613e+02, 3.6130087183e+02, 1
2019/5/2/12:19, 9.3600000000e+02, 6.0860000000e+01, 6.9573800000e+02, 3.5595000000e+02, 3.8206007802e+02, 3.6132476066e+02, 1
2019/5/2/12:20, 9.4200000000e+02, 6.1170000000e+01, 6.9400200000e+02, 3.5409000000e+02, 3.8408390871e+02, 3.6101438535e+02, 1
2019/5/2/12:21, 9.2400000000e+02, 6.0640000000e+01, 6.8039400000e+02, 3.5320000000e+02, 3.7763226185e+02, 3.6137148615e+02, 1
2019/5/2/12:22, 9.0600000000e+02, 6.0110000000e+01, 6.6961600000e+02, 3.5709000000e+02, 3.7115038132e+02, 3.6172009096e+02, 1
2019/5/2/12:23, 9.2400000000e+02, 6.0740000000e+01, 6.9935800000e+02, 3.5049000000e+02, 3.7754371053e+02, 3.6122751534e+02, 1
2019/5/2/12:24, 9.3600000000e+02, 6.1160000000e+01, 6.9568400000e+02, 3.5365000000e+02, 3.8178352007e+02, 3.6089586518e+02, 1
2019/5/2/12:25, 9.4200000000e+02, 6.1370000000e+01, 7.0146400000e+02, 3.5245000000e+02, 3.8389869585e+02, 3.6072805536e+02, 1
2019/5/2/12:26, 9.3600000000e+02, 6.1160000000e+01, 6.9972200000e+02, 3.5148000000e+02, 3.8178352007e+02, 3.6089586518e+02, 1
2019/5/2/12:27, 9.3600000000e+02, 6.1260000000e+01, 6.9733900000e+02, 3.5046000000e+02, 3.8169331880e+02, 3.6075176673e+02, 1
2019/5/2/12:28, 9.3600000000e+02, 6.1160000000e+01, 6.8424200000e+02, 3.5192000000e+02, 3.8178352007e+02, 3.6089586518e+02, 1
2019/5/2/12:29, 9.1200000000e+02, 6.0320000000e+01, 6.8368800000e+02, 3.5249000000e+02, 3.7328505105e+02, 3.6155690217e+02, 1
2019/5/2/12:30, 8.7600000000e+02, 5.9060000000e+01, 6.5691600000e+02, 3.5580000000e+02, 3.5925283451e+02, 3.6307863188e+02, 1
2019/5/2/12:31, 9.3000000000e+02, 6.0850000000e+01, 7.0573900000e+02, 3.4715000000e+02, 6.1012917308e+02, 3.6115954840e+02, 0
2019/5/2/12:32, 9.3600000000e+02, 6.0960000000e+01, 7.0089300000e+02, 3.5381000000e+02, 6.1382961728e+02, 3.6115193976e+02, 0
2019/5/2/12:33, 9.2400000000e+02, 6.0540000000e+01, 6.9360800000e+02, 3.4994000000e+02, 6.0660680892e+02, 3.6143632591e+02, 0
2019/5/2/12:34, 8.9400000000e+02, 5.9490000000e+01, 6.7337400000e+02, 3.5119000000e+02, 5.8810829453e+02, 3.6236340099e+02, 0
2019/5/2/12:35, 8.7600000000e+02, 5.8860000000e+01, 6.6271300000e+02, 3.4775000000e+02, 5.7654229499e+02, 3.6318593060e+02, 0
2019/5/2/12:36, 8.2200000000e+02, 5.7070000000e+01, 6.1061200000e+02, 3.6153000000e+02, 5.4188124319e+02, 3.6538614575e+02, 0
2019/5/2/12:37, 8.2200000000e+02, 5.6970000000e+01, 5.9118500000e+02, 3.6320000000e+02, 5.4192515779e+02, 3.6554597254e+02, 0
2019/5/2/12:38, 7.3800000000e+02, 5.4030000000e+01, 5.5847600000e+02, 3.6327000000e+02, 4.8786308422e+02, 3.6917221159e+02, 0
2019/5/2/12:39, 7.0800000000e+02, 5.2880000000e+01, 5.2850300000e+02, 3.6434000000e+02, 4.6852318753e+02, 3.7061955558e+02, 0
2019/5/2/12:40, 7.6800000000e+02, 5.4880000000e+01, 5.4823000000e+02, 3.6555000000e+02, 5.0723882202e+02, 3.6823678402e+02, 0
2019/5/2/12:41, 7.3200000000e+02, 5.3520000000e+01, 5.6234400000e+02, 3.6822000000e+02, 4.8405997369e+02, 3.6994934175e+02, 0
2019/5/2/12:42, 9.7200000000e+02, 6.2020000000e+01, 6.7511500000e+02, 3.7692000000e+02, 6.3559897071e+02, 3.6054822569e+02, 0
2019/5/2/12:43, 1.0020000000e+03, 6.2970000000e+01, 6.7980300000e+02, 3.7988000000e+02, 6.5358003205e+02, 3.5993382475e+02, 0
2019/5/2/12:44, 7.5000000000e+02, 5.4150000000e+01, 5.0058300000e+02, 3.6816000000e+02, 4.9566795326e+02, 3.6918052543e+02, 0
2019/5/2/12:45, 8.2200000000e+02, 5.6670000000e+01, 6.4481600000e+02, 3.5132000000e+02, 5.4198809239e+02, 3.6607195522e+02, 0
2019/5/2/12:46, 6.0000000000e+02, 4.8900000000e+01, 4.0644000000e+02, 3.6558000000e+02, 3.9865616191e+02, 3.7540698241e+02, 0
2019/5/2/12:47, 4.5600000000e+02, 4.3860000000e+01, 3.5710300000e+02, 3.6168000000e+02, 3.0485038214e+02, 3.8094112438e+02, 0
2019/5/2/12:48, 8.5200000000e+02, 5.7720000000e+01, 6.3615200000e+02, 3.6307000000e+02, 5.6124556946e+02, 3.6475568613e+02, 0
2019/5/2/12:49, 6.4200000000e+02, 5.0370000000e+01, 4.5371900000e+02, 3.7213000000e+02, 4.2588557636e+02, 3.7370724847e+02, 0
2019/5/2/12:50, 5.8200000000e+02, 4.8170000000e+01, 4.2966800000e+02, 3.7353000000e+02, 3.8698574373e+02, 3.7630245057e+02, 0
2019/5/2/12:51, 8.1000000000e+02, 5.6050000000e+01, 6.1905800000e+02, 3.6827000000e+02, 5.3432596623e+02, 3.6694178744e+02, 0
2019/5/2/12:52, 8.6400000000e+02, 5.7940000000e+01, 5.8272200000e+02, 3.7426000000e+02, 5.6898475780e+02, 3.6457645804e+02, 0
2019/5/2/12:53, 9.3000000000e+02, 6.0250000000e+01, 6.6397800000e+02, 3.7689000000e+02, 6.1066931405e+02, 3.6197241656e+02, 0
2019/5/2/12:54, 9.1200000000e+02, 5.9620000000e+01, 6.0065100000e+02, 3.7769000000e+02, 5.9974466678e+02, 3.6243217702e+02, 0
2019/5/2/12:55, 6.7800000000e+02, 5.1430000000e+01, 4.9144600000e+02, 3.6729000000e+02, 4.4923656504e+02, 3.7256165164e+02, 0
2019/5/2/12:56, 6.1200000000e+02, 4.9120000000e+01, 4.5814700000e+02, 3.6838000000e+02, 4.0647417678e+02, 3.7528156553e+02, 0
2019/5/2/12:57, 7.8000000000e+02, 5.4900000000e+01, 5.4230700000e+02, 3.6978000000e+02, 5.1506783024e+02, 3.6840642290e+02, 0
2019/5/2/12:58, 5.8200000000e+02, 4.7970000000e+01, 4.4085300000e+02, 3.7125000000e+02, 3.8702078520e+02, 3.7665652750e+02, 0
2019/5/2/12:59, 7.7400000000e+02, 5.4390000000e+01, 5.5736400000e+02, 3.7779000000e+02, 5.1126274440e+02, 3.6919496714e+02, 0
2019/5/2/13:0, 9.3000000000e+02, 5.9650000000e+01, 6.7912100000e+02, 3.6069000000e+02, 6.1120764163e+02, 3.6278492596e+02, 0
2019/5/2/13:1, 9.5400000000e+02, 6.0590000000e+01, 7.0185000000e+02, 3.5574000000e+02, 6.2556624682e+02, 3.6207297072e+02, 0
2019/5/2/13:2, 9.3600000000e+02, 5.9960000000e+01, 6.9701100000e+02, 3.5534000000e+02, 6.1473561429e+02, 3.6250680062e+02, 0
2019/5/2/13:3, 9.4200000000e+02, 6.0270000000e+01, 6.9717700000e+02, 3.5799000000e+02, 6.1825847517e+02, 3.6222760280e+02, 0
2019/5/2/13:4, 8.7000000000e+02, 5.7750000000e+01, 6.3855800000e+02, 3.5967000000e+02, 5.7293886957e+02, 3.6499870779e+02, 0
2019/5/2/13:5, 8.5200000000e+02, 5.7220000000e+01, 6.4123000000e+02, 3.5798000000e+02, 5.6138047482e+02, 3.6561404518e+02, 0
2019/5/2/13:6, 9.3600000000e+02, 6.0260000000e+01, 7.0338300000e+02, 3.5051000000e+02, 6.1446428854e+02, 3.6210048229e+02, 0
2019/5/2/13:7, 8.2200000000e+02, 5.6270000000e+01, 5.9093700000e+02, 3.6464000000e+02, 5.4209198668e+02, 3.6676018515e+02, 0
2019/5/2/13:8, 8.2800000000e+02, 5.6580000000e+01, 6.0086400000e+02, 3.6400000000e+02, 5.4591826131e+02, 3.6632675965e+02, 0
2019/5/2/13:9, 7.4400000000e+02, 5.3740000000e+01, 5.3886900000e+02, 3.6758000000e+02, 4.9182531757e+02, 3.6979974576e+02, 0
2019/5/2/13:10, 7.8600000000e+02, 5.5310000000e+01, 5.9285600000e+02, 3.6480000000e+02, 5.1886697025e+02, 3.6781092698e+02, 0
2019/5/2/13:11, 9.4200000000e+02, 6.0870000000e+01, 7.0712100000e+02, 3.5121000000e+02, 6.1771066229e+02, 3.6141460517e+02, 0
2019/5/2/13:12, 8.4600000000e+02, 5.7610000000e+01, 6.0169400000e+02, 3.6395000000e+02, 5.5737315459e+02, 3.6484566791e+02, 0
2019/5/2/13:13, 9.1800000000e+02, 6.0230000000e+01, 6.8710300000e+02, 3.5432000000e+02, 6.0307583483e+02, 3.6171408634e+02, 0
2019/5/2/13:14, 9.4800000000e+02, 6.1380000000e+01, 6.9355500000e+02, 3.5613000000e+02, 6.2103923229e+02, 3.6086282118e+02, 0
2019/5/2/13:15, 9.3600000000e+02, 6.0860000000e+01, 6.8389100000e+02, 3.5857000000e+02, 3.8206007802e+02, 3.6132476066e+02, 1
2019/5/2/13:16, 9.3600000000e+02, 6.0760000000e+01, 6.7618600000e+02, 3.5768000000e+02, 3.8215049182e+02, 3.6146862861e+02, 1
2019/5/2/13:17, 9.2400000000e+02, 6.0340000000e+01, 6.6025300000e+02, 3.6112000000e+02, 3.7790420446e+02, 3.6180002080e+02, 1
2019/5/2/13:18, 9.3000000000e+02, 6.0650000000e+01, 6.5713900000e+02, 3.6015000000e+02, 3.7993770858e+02, 3.6149201491e+02, 1
2019/5/2/13:19, 8.9400000000e+02, 5.9490000000e+01, 6.3820500000e+02, 3.5979000000e+02, 3.6652251163e+02, 3.6257328124e+02, 1
2019/5/2/13:20, 8.8800000000e+02, 5.9380000000e+01, 6.3026600000e+02, 3.6280000000e+02, 3.6408968549e+02, 3.6268945688e+02, 1
2019/5/2/13:21, 8.8200000000e+02, 5.9270000000e+01, 6.3003600000e+02, 3.6102000000e+02, 3.6167088543e+02, 3.6279064108e+02, 1
2019/5/2/13:22, 8.9400000000e+02, 5.9790000000e+01, 6.3750600000e+02, 3.5939000000e+02, 3.6649369779e+02, 3.6203587711e+02, 1
2019/5/2/13:23, 8.9400000000e+02, 5.9890000000e+01, 6.4220400000e+02, 3.5829000000e+02, 3.6648349345e+02, 3.6185737339e+02, 1
2019/5/2/13:24, 8.9400000000e+02, 5.9890000000e+01, 6.4469400000e+02, 3.5790000000e+02, 3.6648349345e+02, 3.6185737339e+02, 1
2019/5/2/13:25, 8.8800000000e+02, 5.9580000000e+01, 6.4030600000e+02, 3.5880000000e+02, 3.6407531845e+02, 3.6232647228e+02, 1
2019/5/2/13:26, 8.8800000000e+02, 5.9480000000e+01, 6.3788500000e+02, 3.5930000000e+02, 3.6408944953e+02, 3.6250103317e+02, 1
2019/5/2/13:27, 8.7000000000e+02, 5.8750000000e+01, 6.2885000000e+02, 3.6045000000e+02, 3.5686357170e+02, 3.6352490820e+02, 1
2019/5/2/13:28, 8.7000000000e+02, 5.8750000000e+01, 6.3541900000e+02, 3.5856000000e+02, 3.5686357170e+02, 3.6352490820e+02, 1
2019/5/2/13:29, 8.6400000000e+02, 5.8640000000e+01, 6.2686300000e+02, 3.6081000000e+02, 3.5442060980e+02, 3.6364877390e+02, 1
2019/5/2/13:30, 8.6400000000e+02, 5.8640000000e+01, 6.1953800000e+02, 3.6372000000e+02, 3.5442060980e+02, 3.6364877390e+02, 1
2019/5/2/13:31, 8.7600000000e+02, 5.9160000000e+01, 6.3119800000e+02, 3.5737000000e+02, 5.7647095285e+02, 3.6266478341e+02, 0
2019/5/2/13:32, 8.5200000000e+02, 5.8420000000e+01, 6.0619600000e+02, 3.6500000000e+02, 5.6106541935e+02, 3.6354944965e+02, 0
2019/5/2/13:33, 8.5200000000e+02, 5.8520000000e+01, 6.0521300000e+02, 3.6444000000e+02, 5.6104705435e+02, 3.6337245084e+02, 0
2019/5/2/13:34, 8.4600000000e+02, 5.8310000000e+01, 6.0620500000e+02, 3.6480000000e+02, 5.5719232924e+02, 3.6364034013e+02, 0
2019/5/2/13:35, 8.5200000000e+02, 5.8620000000e+01, 6.0951900000e+02, 3.6409000000e+02, 5.6101362264e+02, 3.6320523743e+02, 0
2019/5/2/13:36, 8.5800000000e+02, 5.8730000000e+01, 6.1208900000e+02, 3.6316000000e+02, 5.6488628156e+02, 3.6311346582e+02, 0
2019/5/2/13:37, 8.6400000000e+02, 5.8940000000e+01, 6.1025400000e+02, 3.6294000000e+02, 5.6872669622e+02, 3.6285259432e+02, 0
2019/5/2/13:38, 8.7000000000e+02, 5.9150000000e+01, 6.1706100000e+02, 3.6220000000e+02, 5.7257851219e+02, 3.6258332729e+02, 0
2019/5/2/13:39, 8.8800000000e+02, 5.9780000000e+01, 6.2965900000e+02, 3.5884000000e+02, 5.8410846841e+02, 3.6178556386e+02, 0
2019/5/2/13:40, 8.8200000000e+02, 5.9570000000e+01, 6.2349800000e+02, 3.6024000000e+02, 5.8026554159e+02, 3.6205228090e+02, 0
2019/5/2/13:41, 8.8800000000e+02, 5.9580000000e+01, 6.1666400000e+02, 3.6243000000e+02, 5.8416039293e+02, 3.6213030650e+02, 0
2019/5/2/13:42, 8.8200000000e+02, 5.9370000000e+01, 6.1097800000e+02, 3.6324000000e+02, 5.8031741482e+02, 3.6239696451e+02, 0
2019/5/2/13:43, 8.8800000000e+02, 5.9580000000e+01, 6.1950200000e+02, 3.6237000000e+02, 5.8416039293e+02, 3.6213030650e+02, 0
2019/5/2/13:44, 8.9400000000e+02, 5.9790000000e+01, 6.1387000000e+02, 3.6220000000e+02, 5.8800432221e+02, 3.6186204951e+02, 0
2019/5/2/13:45, 8.9400000000e+02, 5.9790000000e+01, 6.1892500000e+02, 3.6158000000e+02, 5.8800432221e+02, 3.6186204951e+02, 0
2019/5/2/13:46, 8.8800000000e+02, 5.9680000000e+01, 6.1384300000e+02, 3.6257000000e+02, 5.8409579906e+02, 3.6198187044e+02, 0
2019/5/2/13:47, 8.7600000000e+02, 5.9460000000e+01, 6.0961100000e+02, 3.6271000000e+02, 5.7639480138e+02, 3.6214688708e+02, 0
2019/5/2/13:48, 8.7600000000e+02, 5.9460000000e+01, 6.0971500000e+02, 3.6378000000e+02, 5.7639480138e+02, 3.6214688708e+02, 0
2019/5/2/13:49, 8.8200000000e+02, 5.9770000000e+01, 6.1868000000e+02, 3.6386000000e+02, 5.8020768929e+02, 3.6171142571e+02, 0
2019/5/2/13:50, 9.0000000000e+02, 6.0400000000e+01, 6.1594700000e+02, 3.6579000000e+02, 5.9150540555e+02, 3.6104883110e+02, 0
2019/5/2/13:51, 8.8800000000e+02, 6.0080000000e+01, 6.0992100000e+02, 3.6470000000e+02, 5.8402553011e+02, 3.6127174428e+02, 0
2019/5/2/13:52, 9.0000000000e+02, 6.0600000000e+01, 6.2361100000e+02, 3.6488000000e+02, 5.9133139829e+02, 3.6077819342e+02, 0
2019/5/2/13:53, 9.0600000000e+02, 6.0810000000e+01, 6.3355200000e+02, 3.6088000000e+02, 5.9495475023e+02, 3.6063897054e+02, 0
2019/5/2/13:54, 9.1200000000e+02, 6.1020000000e+01, 6.3811300000e+02, 3.6087000000e+02, 5.9857391202e+02, 3.6049904372e+02, 0
2019/5/2/13:55, 9.0600000000e+02, 6.0810000000e+01, 6.3556600000e+02, 3.5998000000e+02, 5.9495475023e+02, 3.6063897054e+02, 0
2019/5/2/13:56, 9.0000000000e+02, 6.0600000000e+01, 6.2840900000e+02, 3.6042000000e+02, 5.9133139829e+02, 3.6077819342e+02, 0
2019/5/2/13:57, 8.8800000000e+02, 6.0180000000e+01, 6.1501000000e+02, 3.6443000000e+02, 5.8399753293e+02, 3.6110073506e+02, 0
2019/5/2/13:58, 8.9400000000e+02, 6.0390000000e+01, 6.1901800000e+02, 3.6318000000e+02, 5.8770483357e+02, 3.6091610611e+02, 0
2019/5/2/13:59, 8.8800000000e+02, 6.0180000000e+01, 6.1138300000e+02, 3.6416000000e+02, 5.8399753293e+02, 3.6110073506e+02, 0
2019/5/2/14:0, 9.0000000000e+02, 6.0600000000e+01, 6.1986000000e+02, 3.6290000000e+02, 5.9133139829e+02, 3.6077819342e+02, 0
2019/5/2/14:1, 8.9400000000e+02, 6.0390000000e+01, 6.1820900000e+02, 3.6374000000e+02, 5.8770483357e+02, 3.6091610611e+02, 0
2019/5/2/14:2, 9.1800000000e+02, 6.1230000000e+01, 6.2994100000e+02, 3.6172000000e+02, 6.0218781689e+02, 3.6035905870e+02, 0
2019/5/2/14:3, 9.0600000000e+02, 6.0910000000e+01, 6.3131700000e+02, 3.5850000000e+02, 5.9486656955e+02, 3.6050382809e+02, 0
2019/5/2/14:4, 8.9400000000e+02, 6.0590000000e+01, 6.1959000000e+02, 3.6378000000e+02, 5.8753268688e+02, 3.6064513117e+02, 0
2019/5/2/14:5, 8.8800000000e+02, 6.0480000000e+01, 6.1431600000e+02, 3.6475000000e+02, 5.8381906749e+02, 3.6064623994e+02, 0
2019/5/2/14:6, 8.8800000000e+02, 6.0580000000e+01, 6.0904400000e+02, 3.6418000000e+02, 5.8373303488e+02, 3.6051111201e+02, 0
2019/5/2/14:7, 8.8800000000e+02, 6.0580000000e+01, 6.0672600000e+02, 3.6548000000e+02, 5.8373303488e+02, 3.6051111201e+02, 0
2019/5/2/14:8, 8.8800000000e+02, 6.0480000000e+01, 6.0071900000e+02, 3.6527000000e+02, 5.8381906749e+02, 3.6064623994e+02, 0
2019/5/2/14:9, 8.8200000000e+02, 6.0270000000e+01, 6.0119000000e+02, 3.6517000000e+02, 5.8007521156e+02, 3.6085208059e+02, 0
2019/5/2/14:10, 8.8800000000e+02, 6.0380000000e+01, 6.0284200000e+02, 3.6498000000e+02, 5.8390397931e+02, 3.6078202165e+02, 0
2019/5/2/14:11, 8.7600000000e+02, 5.9860000000e+01, 5.8922900000e+02, 3.6600000000e+02, 5.7629714123e+02, 3.6145425554e+02, 0
2019/5/2/14:12, 8.7000000000e+02, 5.9650000000e+01, 5.8613900000e+02, 3.6612000000e+02, 5.7244481258e+02, 3.6172504682e+02, 0
2019/5/2/14:13, 7.2600000000e+02, 5.4610000000e+01, 5.1557600000e+02, 3.6557000000e+02, 4.7990018423e+02, 3.6794621955e+02, 0
2019/5/2/14:14, 7.7400000000e+02, 5.6390000000e+01, 5.3987900000e+02, 3.6942000000e+02, 5.1078856760e+02, 3.6573380364e+02, 0
2019/5/2/14:15, 8.3400000000e+02, 5.8490000000e+01, 5.5308600000e+02, 3.6905000000e+02, 5.4932820748e+02, 3.6314133397e+02, 0
2019/5/2/14:16, 8.2200000000e+02, 5.8170000000e+01, 5.5039900000e+02, 3.7029000000e+02, 3.3739358911e+02, 3.6385140326e+02, 1
2019/5/2/14:17, 7.6800000000e+02, 5.6280000000e+01, 4.7418700000e+02, 3.7410000000e+02, 3.1559188107e+02, 3.6638267283e+02, 1
2019/5/2/14:18, 7.0200000000e+02, 5.3870000000e+01, 3.7845700000e+02, 3.7767000000e+02, 2.8890704808e+02, 3.6960484867e+02, 1
2019/5/2/14:19, 4.5000000000e+02, 4.5050000000e+01, 2.6669400000e+02, 3.7564000000e+02, 1.8671088866e+02, 3.8059901482e+02, 1
2019/5/2/14:20, 3.2400000000e+02, 4.0640000000e+01, 2.4328700000e+02, 3.7565000000e+02, 1.3502327016e+02, 3.8535329510e+02, 1
2019/5/2/14:21, 3.6000000000e+02, 4.1700000000e+01, 2.6313900000e+02, 3.7948000000e+02, 1.4981961105e+02, 3.8441782664e+02, 1
2019/5/2/14:22, 4.5000000000e+02, 4.4650000000e+01, 3.3917200000e+02, 3.8515000000e+02, 1.8672934740e+02, 3.8133946910e+02, 1
2019/5/2/14:23, 7.6200000000e+02, 5.5370000000e+01, 5.5263600000e+02, 3.8223000000e+02, 3.1322569972e+02, 3.6792240329e+02, 1
2019/5/2/14:24, 9.0600000000e+02, 6.0310000000e+01, 5.8159600000e+02, 3.8069000000e+02, 3.7097423390e+02, 3.6143411630e+02, 1
2019/5/2/14:25, 6.1800000000e+02, 5.0130000000e+01, 5.3331600000e+02, 3.7939000000e+02, 2.5490786726e+02, 3.7483903206e+02, 1
2019/5/2/14:26, 8.5800000000e+02, 5.8530000000e+01, 5.6022700000e+02, 3.7684000000e+02, 3.5199564313e+02, 3.6375326235e+02, 1
2019/5/2/14:27, 8.8200000000e+02, 5.9170000000e+01, 5.7083900000e+02, 3.7469000000e+02, 3.6168430140e+02, 3.6296584440e+02, 1
2019/5/2/14:28, 8.4600000000e+02, 5.7710000000e+01, 5.5541600000e+02, 3.7518000000e+02, 3.4719312868e+02, 3.6504332952e+02, 1
2019/5/2/14:29, 7.9200000000e+02, 5.5820000000e+01, 5.1486200000e+02, 3.7588000000e+02, 3.2539596469e+02, 3.6760081007e+02, 1
2019/5/2/14:30, 8.0400000000e+02, 5.6240000000e+01, 5.3643900000e+02, 3.7477000000e+02, 3.3025671192e+02, 3.6702158868e+02, 1
2019/5/2/14:31, 7.9200000000e+02, 5.5820000000e+01, 5.1909100000e+02, 3.7497000000e+02, 3.2539596469e+02, 3.6760081007e+02, 1
2019/5/2/14:32, 7.9800000000e+02, 5.6030000000e+01, 5.3005500000e+02, 3.7250000000e+02, 5.2651558261e+02, 3.6677056979e+02, 0
2019/5/2/14:33, 8.1600000000e+02, 5.6560000000e+01, 5.3418700000e+02, 3.7228000000e+02, 5.3810693517e+02, 3.6616230147e+02, 0
2019/5/2/14:34, 8.2200000000e+02, 5.6470000000e+01, 5.4100000000e+02, 3.7265000000e+02, 5.4205133207e+02, 3.6640833702e+02, 0
2019/5/2/14:35, 8.1000000000e+02, 5.5950000000e+01, 5.4253100000e+02, 3.7223000000e+02, 5.3435310966e+02, 3.6711297882e+02, 0
2019/5/2/14:36, 8.0400000000e+02, 5.5840000000e+01, 5.0088700000e+02, 3.7561000000e+02, 5.3055690761e+02, 3.6714264775e+02, 0
2019/5/2/14:37, 8.0400000000e+02, 5.5840000000e+01, 5.1105800000e+02, 3.7409000000e+02, 5.3055690761e+02, 3.6714264775e+02, 0
2019/5/2/14:38, 6.0600000000e+02, 4.8910000000e+01, 3.5326500000e+02, 3.7551000000e+02, 4.0258651506e+02, 3.7551874190e+02, 0
2019/5/2/14:39, 3.6000000000e+02, 4.0300000000e+01, 3.7081500000e+02, 3.8037000000e+02, 2.4225654104e+02, 3.8383910526e+02, 0
2019/5/2/14:40, 6.1200000000e+02, 4.9220000000e+01, 4.8171700000e+02, 3.7738000000e+02, 4.0646505970e+02, 3.7509673049e+02, 0
2019/5/2/14:41, 7.8600000000e+02, 5.5310000000e+01, 5.2216200000e+02, 3.7517000000e+02, 5.1886697025e+02, 3.6781092698e+02, 0
2019/5/2/14:42, 6.4200000000e+02, 5.0170000000e+01, 3.3208000000e+02, 3.7699000000e+02, 4.2594234180e+02, 3.7404271394e+02, 0
2019/5/2/14:44, 3.1200000000e+02, 3.8620000000e+01, 2.4615000000e+02, 3.7979000000e+02, 2.1055777210e+02, 3.8549702509e+02, 0
2019/5/2/14:45, 4.3800000000e+02, 4.3030000000e+01, 3.0136500000e+02, 3.8871000000e+02, 2.9310727941e+02, 3.8194861865e+02, 0
2019/5/2/14:46, 4.2000000000e+02, 4.2400000000e+01, 2.5162400000e+02, 3.8628000000e+02, 2.8177332665e+02, 3.8166882897e+02, 0
2019/5/2/14:47, 6.7800000000e+02, 5.1330000000e+01, 4.5894200000e+02, 3.8663000000e+02, 4.4924806101e+02, 3.7274392599e+02, 0
2019/5/2/14:48, 7.6800000000e+02, 5.4480000000e+01, 4.6831200000e+02, 3.8731000000e+02, 5.0733619604e+02, 3.6892762328e+02, 0
2019/5/2/14:49, 7.9200000000e+02, 5.5320000000e+01, 5.0478100000e+02, 3.8341000000e+02, 5.2276484211e+02, 3.6790478931e+02, 0
2019/5/2/14:50, 8.0400000000e+02, 5.5740000000e+01, 5.1313700000e+02, 3.8350000000e+02, 5.3049510530e+02, 3.6737469831e+02, 0
2019/5/2/14:51, 7.9200000000e+02, 5.5320000000e+01, 5.0092800000e+02, 3.8245000000e+02, 5.2276484211e+02, 3.6790478931e+02, 0
2019/5/2/14:52, 7.6200000000e+02, 5.4370000000e+01, 4.8896600000e+02, 3.8265000000e+02, 5.0343861196e+02, 3.6901905959e+02, 0
2019/5/2/14:53, 7.5600000000e+02, 5.4160000000e+01, 4.9295800000e+02, 3.8187000000e+02, 4.9957563976e+02, 3.6927447650e+02, 0
2019/5/2/14:54, 7.7400000000e+02, 5.4890000000e+01, 4.9756900000e+02, 3.8158000000e+02, 5.1114092393e+02, 3.6833095851e+02, 0
2019/5/2/14:55, 7.6200000000e+02, 5.4570000000e+01, 4.8662500000e+02, 3.8143000000e+02, 5.0338843062e+02, 3.6867483838e+02, 0
2019/5/2/14:56, 7.4400000000e+02, 5.3940000000e+01, 4.8303600000e+02, 3.8071000000e+02, 4.9178677836e+02, 3.6944708516e+02, 0
2019/5/2/14:57, 7.7400000000e+02, 5.5090000000e+01, 5.0130700000e+02, 3.7827000000e+02, 5.1109978864e+02, 3.6798007589e+02, 0
2019/5/2/14:58, 7.6800000000e+02, 5.4880000000e+01, 4.8937600000e+02, 3.7946000000e+02, 5.0723882202e+02, 3.6823678402e+02, 0
2019/5/2/14:59, 7.2600000000e+02, 5.3410000000e+01, 4.6711700000e+02, 3.7829000000e+02, 4.8017707905e+02, 3.7002244449e+02, 0
2019/5/2/15:0, 7.3200000000e+02, 5.3720000000e+01, 4.7672900000e+02, 3.7788000000e+02, 4.8401861991e+02, 3.6959923410e+02, 0
2019/5/2/15:1, 7.5000000000e+02, 5.4350000000e+01, 4.8428600000e+02, 3.7955000000e+02, 4.9561053278e+02, 3.6884220319e+02, 0
2019/5/2/15:2, 7.4400000000e+02, 5.4240000000e+01, 4.8087300000e+02, 3.7931000000e+02, 4.9169518347e+02, 3.6894379882e+02, 0
2019/5/2/15:3, 7.5000000000e+02, 5.4550000000e+01, 4.8073600000e+02, 3.8002000000e+02, 4.9557528629e+02, 3.6848732868e+02, 0
2019/5/2/15:4, 7.5000000000e+02, 5.4550000000e+01, 4.8136700000e+02, 3.7963000000e+02, 4.9557528629e+02, 3.6848732868e+02, 0
2019/5/2/15:5, 7.3800000000e+02, 5.4230000000e+01, 4.8022100000e+02, 3.7756000000e+02, 4.8781555731e+02, 3.6882690332e+02, 0
2019/5/2/15:6, 7.3200000000e+02, 5.4020000000e+01, 4.7493900000e+02, 3.7785000000e+02, 4.8394865485e+02, 3.6908021074e+02, 0
2019/5/2/15:7, 7.1400000000e+02, 5.3390000000e+01, 4.5513700000e+02, 3.7818000000e+02, 4.7233543452e+02, 3.6984170082e+02, 0
2019/5/2/15:8, 6.5400000000e+02, 5.1290000000e+01, 4.1943200000e+02, 3.7863000000e+02, 4.3480971580e+02, 3.7107873897e+02, 0
2019/5/2/15:9, 6.7800000000e+02, 5.2130000000e+01, 4.4434600000e+02, 3.7929000000e+02, 4.4908378283e+02, 3.7134511116e+02, 0
2019/5/2/15:10, 7.0200000000e+02, 5.2970000000e+01, 4.5238500000e+02, 3.7956000000e+02, 4.6458677567e+02, 3.7034703929e+02, 0
2019/5/2/15:11, 7.0800000000e+02, 5.3180000000e+01, 4.5801000000e+02, 3.7965000000e+02, 4.6846452014e+02, 3.7009238090e+02, 0
2019/5/2/15:12, 6.9600000000e+02, 5.2760000000e+01, 4.4510500000e+02, 3.8123000000e+02, 4.6071177655e+02, 3.7059834781e+02, 0
2019/5/2/15:13, 6.4200000000e+02, 5.0870000000e+01, 4.2100400000e+02, 3.8116000000e+02, 4.2578980566e+02, 3.7282837968e+02, 0
2019/5/2/15:14, 6.8400000000e+02, 5.2440000000e+01, 4.4211400000e+02, 3.